ID,Severity,Confidence,Origin,Category,V11_Gate,Primary_Path_or_Surface,Finding,Risk,Evidence,Required_Action,Acceptance_Gate,Suggested_Phase,Status,Notes
AHD-0001,P0,Conformance/test gap,Prior audit normalized,Security & sandbox boundary,v11A Boundary/Execution Evidence,crates/aidens-security-kit/src/lib.rs,Sandbox denylist does not cover one common developer-secret path or metadata surface.,Risk that filesystem/tool authority exceeds declared least-exposure boundary.,local scan: sandbox/canonicalize paths in aidens-tool-kit; sensitive-path negative fixtures absent,Add hostile sandbox tests and deny/quarantine receipts for .git/.env/symlink/hardlink/unicode/TOCTOU cases.,Add hostile sandbox tests and deny/quarantine receipts for .git/.env/symlink/hardlink/unicode/TOCTOU cases.,Phase 02 security boundary hardening,open,"Not all rows are reproduced runtime bugs; matrix intentionally includes confirmed defects, hardening risks, and missing hostile/conformance proofs."
AHD-0002,P0,High-confidence hardening risk,Prior audit normalized,Security & sandbox boundary,v11A Boundary/Execution Evidence,crates/aidens-tool-kit/src/lib.rs,Filesystem path validation does not prove race-free handling for the target path at write time.,Risk that filesystem/tool authority exceeds declared least-exposure boundary.,local scan: sandbox term count 523 across codebase,Add hostile sandbox tests and deny/quarantine receipts for .git/.env/symlink/hardlink/unicode/TOCTOU cases.,Add hostile sandbox tests and deny/quarantine receipts for .git/.env/symlink/hardlink/unicode/TOCTOU cases.,Phase 02 security boundary hardening,open,"Not all rows are reproduced runtime bugs; matrix intentionally includes confirmed defects, hardening risks, and missing hostile/conformance proofs."
AHD-0003,P0,Conformance/test gap,Prior audit normalized,Security & sandbox boundary,v11A Boundary/Execution Evidence,crates/aidens-cli/src/lib.rs,Hidden file/directory access policy is weaker than the future application-builder threat model requires.,Risk that filesystem/tool authority exceeds declared least-exposure boundary.,local scan: sandbox/canonicalize paths in aidens-tool-kit; sensitive-path negative fixtures absent,Add hostile sandbox tests and deny/quarantine receipts for .git/.env/symlink/hardlink/unicode/TOCTOU cases.,Add hostile sandbox tests and deny/quarantine receipts for .git/.env/symlink/hardlink/unicode/TOCTOU cases.,Phase 02 security boundary hardening,open,"Not all rows are reproduced runtime bugs; matrix intentionally includes confirmed defects, hardening risks, and missing hostile/conformance proofs."
AHD-0004,P0,Conformance/test gap,Prior audit normalized,Security & sandbox boundary,v11A Boundary/Execution Evidence,crates/aidens-runner/src/lib.rs,Path display can leak host-specific absolute paths when relative rendering fails.,Risk that filesystem/tool authority exceeds declared least-exposure boundary.,local scan: sandbox term count 523 across codebase,Add hostile sandbox tests and deny/quarantine receipts for .git/.env/symlink/hardlink/unicode/TOCTOU cases.,Add hostile sandbox tests and deny/quarantine receipts for .git/.env/symlink/hardlink/unicode/TOCTOU cases.,Phase 02 security boundary hardening,open,"Not all rows are reproduced runtime bugs; matrix intentionally includes confirmed defects, hardening risks, and missing hostile/conformance proofs."
AHD-0005,P0,High-confidence hardening risk,Prior audit normalized,Security & sandbox boundary,v11A Boundary/Execution Evidence,crates/aidens-security-kit/src/lib.rs,"Symlink, hardlink, mountpoint, or case-folding behavior lacks an explicit hostile fixture.",Risk that filesystem/tool authority exceeds declared least-exposure boundary.,local scan: sandbox/canonicalize paths in aidens-tool-kit; sensitive-path negative fixtures absent,Add hostile sandbox tests and deny/quarantine receipts for .git/.env/symlink/hardlink/unicode/TOCTOU cases.,Add hostile sandbox tests and deny/quarantine receipts for .git/.env/symlink/hardlink/unicode/TOCTOU cases.,Phase 02 security boundary hardening,open,"Not all rows are reproduced runtime bugs; matrix intentionally includes confirmed defects, hardening risks, and missing hostile/conformance proofs."
AHD-0006,P0,Conformance/test gap,Prior audit normalized,Security & sandbox boundary,v11A Boundary/Execution Evidence,crates/aidens-tool-kit/src/lib.rs,Tool sandbox boundary has no explicit capability receipt for a rejected sensitive-path attempt.,Risk that filesystem/tool authority exceeds declared least-exposure boundary.,local scan: sandbox term count 523 across codebase,Add hostile sandbox tests and deny/quarantine receipts for .git/.env/symlink/hardlink/unicode/TOCTOU cases.,Add hostile sandbox tests and deny/quarantine receipts for .git/.env/symlink/hardlink/unicode/TOCTOU cases.,Phase 02 security boundary hardening,open,"Not all rows are reproduced runtime bugs; matrix intentionally includes confirmed defects, hardening risks, and missing hostile/conformance proofs."
AHD-0007,P0,Conformance/test gap,Prior audit normalized,Security & sandbox boundary,v11A Boundary/Execution Evidence,crates/aidens-cli/src/lib.rs,Read/list/stat/search authority can expose repository metadata that should have a redaction policy.,Risk that filesystem/tool authority exceeds declared least-exposure boundary.,local scan: sandbox/canonicalize paths in aidens-tool-kit; sensitive-path negative fixtures absent,Add hostile sandbox tests and deny/quarantine receipts for .git/.env/symlink/hardlink/unicode/TOCTOU cases.,Add hostile sandbox tests and deny/quarantine receipts for .git/.env/symlink/hardlink/unicode/TOCTOU cases.,Phase 02 security boundary hardening,open,"Not all rows are reproduced runtime bugs; matrix intentionally includes confirmed defects, hardening risks, and missing hostile/conformance proofs."
AHD-0008,P0,High-confidence hardening risk,Prior audit normalized,Security & sandbox boundary,v11A Boundary/Execution Evidence,crates/aidens-runner/src/lib.rs,Sandbox root can be derived from ambient current directory instead of a stable declared permit scope.,Risk that filesystem/tool authority exceeds declared least-exposure boundary.,local scan: sandbox term count 523 across codebase,Add hostile sandbox tests and deny/quarantine receipts for .git/.env/symlink/hardlink/unicode/TOCTOU cases.,Add hostile sandbox tests and deny/quarantine receipts for .git/.env/symlink/hardlink/unicode/TOCTOU cases.,Phase 02 security boundary hardening,open,"Not all rows are reproduced runtime bugs; matrix intentionally includes confirmed defects, hardening risks, and missing hostile/conformance proofs."
AHD-0009,P0,Conformance/test gap,Prior audit normalized,Security & sandbox boundary,v11A Boundary/Execution Evidence,crates/aidens-security-kit/src/lib.rs,Cross-platform path semantics are not fully specified for Windows/macOS/Linux differences.,Risk that filesystem/tool authority exceeds declared least-exposure boundary.,local scan: sandbox/canonicalize paths in aidens-tool-kit; sensitive-path negative fixtures absent,Add hostile sandbox tests and deny/quarantine receipts for .git/.env/symlink/hardlink/unicode/TOCTOU cases.,Add hostile sandbox tests and deny/quarantine receipts for .git/.env/symlink/hardlink/unicode/TOCTOU cases.,Phase 02 security boundary hardening,open,"Not all rows are reproduced runtime bugs; matrix intentionally includes confirmed defects, hardening risks, and missing hostile/conformance proofs."
AHD-0010,P0,Conformance/test gap,Prior audit normalized,Security & sandbox boundary,v11A Boundary/Execution Evidence,crates/aidens-tool-kit/src/lib.rs,"Security policy lacks a complete negative corpus for dotfiles, credentials, config stores, and generated secrets.",Risk that filesystem/tool authority exceeds declared least-exposure boundary.,local scan: sandbox term count 523 across codebase,Add hostile sandbox tests and deny/quarantine receipts for .git/.env/symlink/hardlink/unicode/TOCTOU cases.,Add hostile sandbox tests and deny/quarantine receipts for .git/.env/symlink/hardlink/unicode/TOCTOU cases.,Phase 02 security boundary hardening,open,"Not all rows are reproduced runtime bugs; matrix intentionally includes confirmed defects, hardening risks, and missing hostile/conformance proofs."
AHD-0011,P0,High-confidence hardening risk,Prior audit normalized,Security & sandbox boundary,v11A Boundary/Execution Evidence,crates/aidens-cli/src/lib.rs,Sandbox denylist does not cover one common developer-secret path or metadata surface. Scope variant 2: apply to crates/aidens-cli/src/lib.rs and adjacent caller/callee surfaces.,Risk that filesystem/tool authority exceeds declared least-exposure boundary.,local scan: sandbox/canonicalize paths in aidens-tool-kit; sensitive-path negative fixtures absent,Add hostile sandbox tests and deny/quarantine receipts for .git/.env/symlink/hardlink/unicode/TOCTOU cases.,Add hostile sandbox tests and deny/quarantine receipts for .git/.env/symlink/hardlink/unicode/TOCTOU cases.,Phase 02 security boundary hardening,open,"Not all rows are reproduced runtime bugs; matrix intentionally includes confirmed defects, hardening risks, and missing hostile/conformance proofs."
AHD-0012,P0,Conformance/test gap,Prior audit normalized,Security & sandbox boundary,v11A Boundary/Execution Evidence,crates/aidens-runner/src/lib.rs,Filesystem path validation does not prove race-free handling for the target path at write time. Scope variant 2: apply to crates/aidens-runner/src/lib.rs and adjacent caller/callee surfaces.,Risk that filesystem/tool authority exceeds declared least-exposure boundary.,local scan: sandbox term count 523 across codebase,Add hostile sandbox tests and deny/quarantine receipts for .git/.env/symlink/hardlink/unicode/TOCTOU cases.,Add hostile sandbox tests and deny/quarantine receipts for .git/.env/symlink/hardlink/unicode/TOCTOU cases.,Phase 02 security boundary hardening,open,"Not all rows are reproduced runtime bugs; matrix intentionally includes confirmed defects, hardening risks, and missing hostile/conformance proofs."
AHD-0013,P0,Conformance/test gap,Prior audit normalized,Security & sandbox boundary,v11A Boundary/Execution Evidence,crates/aidens-security-kit/src/lib.rs,Hidden file/directory access policy is weaker than the future application-builder threat model requires. Scope variant 2: apply to crates/aidens-security-kit/src/lib.rs and adjacent caller/callee surfaces.,Risk that filesystem/tool authority exceeds declared least-exposure boundary.,local scan: sandbox/canonicalize paths in aidens-tool-kit; sensitive-path negative fixtures absent,Add hostile sandbox tests and deny/quarantine receipts for .git/.env/symlink/hardlink/unicode/TOCTOU cases.,Add hostile sandbox tests and deny/quarantine receipts for .git/.env/symlink/hardlink/unicode/TOCTOU cases.,Phase 02 security boundary hardening,open,"Not all rows are reproduced runtime bugs; matrix intentionally includes confirmed defects, hardening risks, and missing hostile/conformance proofs."
AHD-0014,P0,High-confidence hardening risk,Prior audit normalized,Security & sandbox boundary,v11A Boundary/Execution Evidence,crates/aidens-tool-kit/src/lib.rs,Path display can leak host-specific absolute paths when relative rendering fails. Scope variant 2: apply to crates/aidens-tool-kit/src/lib.rs and adjacent caller/callee surfaces.,Risk that filesystem/tool authority exceeds declared least-exposure boundary.,local scan: sandbox term count 523 across codebase,Add hostile sandbox tests and deny/quarantine receipts for .git/.env/symlink/hardlink/unicode/TOCTOU cases.,Add hostile sandbox tests and deny/quarantine receipts for .git/.env/symlink/hardlink/unicode/TOCTOU cases.,Phase 02 security boundary hardening,open,"Not all rows are reproduced runtime bugs; matrix intentionally includes confirmed defects, hardening risks, and missing hostile/conformance proofs."
AHD-0015,P0,Conformance/test gap,Prior audit normalized,Security & sandbox boundary,v11A Boundary/Execution Evidence,crates/aidens-cli/src/lib.rs,"Symlink, hardlink, mountpoint, or case-folding behavior lacks an explicit hostile fixture. Scope variant 2: apply to crates/aidens-cli/src/lib.rs and adjacent caller/callee surfaces.",Risk that filesystem/tool authority exceeds declared least-exposure boundary.,local scan: sandbox/canonicalize paths in aidens-tool-kit; sensitive-path negative fixtures absent,Add hostile sandbox tests and deny/quarantine receipts for .git/.env/symlink/hardlink/unicode/TOCTOU cases.,Add hostile sandbox tests and deny/quarantine receipts for .git/.env/symlink/hardlink/unicode/TOCTOU cases.,Phase 02 security boundary hardening,open,"Not all rows are reproduced runtime bugs; matrix intentionally includes confirmed defects, hardening risks, and missing hostile/conformance proofs."
AHD-0016,P0,Conformance/test gap,Prior audit normalized,Security & sandbox boundary,v11A Boundary/Execution Evidence,crates/aidens-runner/src/lib.rs,Tool sandbox boundary has no explicit capability receipt for a rejected sensitive-path attempt. Scope variant 2: apply to crates/aidens-runner/src/lib.rs and adjacent caller/callee surfaces.,Risk that filesystem/tool authority exceeds declared least-exposure boundary.,local scan: sandbox term count 523 across codebase,Add hostile sandbox tests and deny/quarantine receipts for .git/.env/symlink/hardlink/unicode/TOCTOU cases.,Add hostile sandbox tests and deny/quarantine receipts for .git/.env/symlink/hardlink/unicode/TOCTOU cases.,Phase 02 security boundary hardening,open,"Not all rows are reproduced runtime bugs; matrix intentionally includes confirmed defects, hardening risks, and missing hostile/conformance proofs."
AHD-0017,P0,High-confidence hardening risk,Prior audit normalized,Security & sandbox boundary,v11A Boundary/Execution Evidence,crates/aidens-security-kit/src/lib.rs,Read/list/stat/search authority can expose repository metadata that should have a redaction policy. Scope variant 2: apply to crates/aidens-security-kit/src/lib.rs and adjacent caller/callee surfaces.,Risk that filesystem/tool authority exceeds declared least-exposure boundary.,local scan: sandbox/canonicalize paths in aidens-tool-kit; sensitive-path negative fixtures absent,Add hostile sandbox tests and deny/quarantine receipts for .git/.env/symlink/hardlink/unicode/TOCTOU cases.,Add hostile sandbox tests and deny/quarantine receipts for .git/.env/symlink/hardlink/unicode/TOCTOU cases.,Phase 02 security boundary hardening,open,"Not all rows are reproduced runtime bugs; matrix intentionally includes confirmed defects, hardening risks, and missing hostile/conformance proofs."
AHD-0018,P0,Conformance/test gap,Prior audit normalized,Security & sandbox boundary,v11A Boundary/Execution Evidence,crates/aidens-tool-kit/src/lib.rs,Sandbox root can be derived from ambient current directory instead of a stable declared permit scope. Scope variant 2: apply to crates/aidens-tool-kit/src/lib.rs and adjacent caller/callee surfaces.,Risk that filesystem/tool authority exceeds declared least-exposure boundary.,local scan: sandbox term count 523 across codebase,Add hostile sandbox tests and deny/quarantine receipts for .git/.env/symlink/hardlink/unicode/TOCTOU cases.,Add hostile sandbox tests and deny/quarantine receipts for .git/.env/symlink/hardlink/unicode/TOCTOU cases.,Phase 02 security boundary hardening,open,"Not all rows are reproduced runtime bugs; matrix intentionally includes confirmed defects, hardening risks, and missing hostile/conformance proofs."
AHD-0019,P0,Conformance/test gap,Prior audit normalized,Security & sandbox boundary,v11A Boundary/Execution Evidence,crates/aidens-cli/src/lib.rs,Cross-platform path semantics are not fully specified for Windows/macOS/Linux differences. Scope variant 2: apply to crates/aidens-cli/src/lib.rs and adjacent caller/callee surfaces.,Risk that filesystem/tool authority exceeds declared least-exposure boundary.,local scan: sandbox/canonicalize paths in aidens-tool-kit; sensitive-path negative fixtures absent,Add hostile sandbox tests and deny/quarantine receipts for .git/.env/symlink/hardlink/unicode/TOCTOU cases.,Add hostile sandbox tests and deny/quarantine receipts for .git/.env/symlink/hardlink/unicode/TOCTOU cases.,Phase 02 security boundary hardening,open,"Not all rows are reproduced runtime bugs; matrix intentionally includes confirmed defects, hardening risks, and missing hostile/conformance proofs."
AHD-0020,P0,High-confidence hardening risk,Prior audit normalized,Security & sandbox boundary,v11A Boundary/Execution Evidence,crates/aidens-runner/src/lib.rs,"Security policy lacks a complete negative corpus for dotfiles, credentials, config stores, and generated secrets. Scope variant 2: apply to crates/aidens-runner/src/lib.rs and adjacent caller/callee surfaces.",Risk that filesystem/tool authority exceeds declared least-exposure boundary.,local scan: sandbox term count 523 across codebase,Add hostile sandbox tests and deny/quarantine receipts for .git/.env/symlink/hardlink/unicode/TOCTOU cases.,Add hostile sandbox tests and deny/quarantine receipts for .git/.env/symlink/hardlink/unicode/TOCTOU cases.,Phase 02 security boundary hardening,open,"Not all rows are reproduced runtime bugs; matrix intentionally includes confirmed defects, hardening risks, and missing hostile/conformance proofs."
AHD-0021,P0,Conformance/test gap,Prior audit normalized,Security & sandbox boundary,v11A Boundary/Execution Evidence,crates/aidens-security-kit/src/lib.rs,Sandbox denylist does not cover one common developer-secret path or metadata surface. Scope variant 3: apply to crates/aidens-security-kit/src/lib.rs and adjacent caller/callee surfaces.,Risk that filesystem/tool authority exceeds declared least-exposure boundary.,local scan: sandbox/canonicalize paths in aidens-tool-kit; sensitive-path negative fixtures absent,Add hostile sandbox tests and deny/quarantine receipts for .git/.env/symlink/hardlink/unicode/TOCTOU cases.,Add hostile sandbox tests and deny/quarantine receipts for .git/.env/symlink/hardlink/unicode/TOCTOU cases.,Phase 02 security boundary hardening,open,"Not all rows are reproduced runtime bugs; matrix intentionally includes confirmed defects, hardening risks, and missing hostile/conformance proofs."
AHD-0022,P0,Conformance/test gap,Prior audit normalized,Security & sandbox boundary,v11A Boundary/Execution Evidence,crates/aidens-tool-kit/src/lib.rs,Filesystem path validation does not prove race-free handling for the target path at write time. Scope variant 3: apply to crates/aidens-tool-kit/src/lib.rs and adjacent caller/callee surfaces.,Risk that filesystem/tool authority exceeds declared least-exposure boundary.,local scan: sandbox term count 523 across codebase,Add hostile sandbox tests and deny/quarantine receipts for .git/.env/symlink/hardlink/unicode/TOCTOU cases.,Add hostile sandbox tests and deny/quarantine receipts for .git/.env/symlink/hardlink/unicode/TOCTOU cases.,Phase 02 security boundary hardening,open,"Not all rows are reproduced runtime bugs; matrix intentionally includes confirmed defects, hardening risks, and missing hostile/conformance proofs."
AHD-0023,P0,High-confidence hardening risk,Prior audit normalized,Security & sandbox boundary,v11A Boundary/Execution Evidence,crates/aidens-cli/src/lib.rs,Hidden file/directory access policy is weaker than the future application-builder threat model requires. Scope variant 3: apply to crates/aidens-cli/src/lib.rs and adjacent caller/callee surfaces.,Risk that filesystem/tool authority exceeds declared least-exposure boundary.,local scan: sandbox/canonicalize paths in aidens-tool-kit; sensitive-path negative fixtures absent,Add hostile sandbox tests and deny/quarantine receipts for .git/.env/symlink/hardlink/unicode/TOCTOU cases.,Add hostile sandbox tests and deny/quarantine receipts for .git/.env/symlink/hardlink/unicode/TOCTOU cases.,Phase 02 security boundary hardening,open,"Not all rows are reproduced runtime bugs; matrix intentionally includes confirmed defects, hardening risks, and missing hostile/conformance proofs."
AHD-0024,P0,Conformance/test gap,Prior audit normalized,Security & sandbox boundary,v11A Boundary/Execution Evidence,crates/aidens-runner/src/lib.rs,Path display can leak host-specific absolute paths when relative rendering fails. Scope variant 3: apply to crates/aidens-runner/src/lib.rs and adjacent caller/callee surfaces.,Risk that filesystem/tool authority exceeds declared least-exposure boundary.,local scan: sandbox term count 523 across codebase,Add hostile sandbox tests and deny/quarantine receipts for .git/.env/symlink/hardlink/unicode/TOCTOU cases.,Add hostile sandbox tests and deny/quarantine receipts for .git/.env/symlink/hardlink/unicode/TOCTOU cases.,Phase 02 security boundary hardening,open,"Not all rows are reproduced runtime bugs; matrix intentionally includes confirmed defects, hardening risks, and missing hostile/conformance proofs."
AHD-0025,P0,Conformance/test gap,Prior audit normalized,Security & sandbox boundary,v11A Boundary/Execution Evidence,crates/aidens-security-kit/src/lib.rs,"Symlink, hardlink, mountpoint, or case-folding behavior lacks an explicit hostile fixture. Scope variant 3: apply to crates/aidens-security-kit/src/lib.rs and adjacent caller/callee surfaces.",Risk that filesystem/tool authority exceeds declared least-exposure boundary.,local scan: sandbox/canonicalize paths in aidens-tool-kit; sensitive-path negative fixtures absent,Add hostile sandbox tests and deny/quarantine receipts for .git/.env/symlink/hardlink/unicode/TOCTOU cases.,Add hostile sandbox tests and deny/quarantine receipts for .git/.env/symlink/hardlink/unicode/TOCTOU cases.,Phase 02 security boundary hardening,open,"Not all rows are reproduced runtime bugs; matrix intentionally includes confirmed defects, hardening risks, and missing hostile/conformance proofs."
CLAUDE-F-001,P0,Claude hard-audit finding,Claude Sonnet 4.6 P29 hard audit integrated,Claude audit: Release,Final package/self-replay and release-label gate,Release,No labels before package self-replay passes,Release/evidence labels can drift from actual package state if final gate is not rerun after code changes.,AiDENs_P29_Hard_Audit_20260507.md::F-001,"Do not treat the already-created user bundle as a failed product artifact; after hardening, regenerate final package sidecars and run exact extracted-package self-replay before claiming release labels.","Do not treat the already-created user bundle as a failed product artifact; after hardening, regenerate final package sidecars and run exact extracted-package self-replay before claiming release labels.",Phase 15 docs/evidence closure,gate-required-not-product-defect,"Integrated from Claude audit. F-001 is normalized as a post-hardening evidence gate, not a source/package defect because the operator later created the bundle successfully."
CLAUDE-F-016,P0,Claude hard-audit finding,Claude Sonnet 4.6 P29 hard audit integrated,Claude audit: Bugs,Unaudited surface quarantine gate,Bugs,"Unaudited high-risk layers (forge-pilot, effect-runtime, verification pipeline, federation)",High-risk sibling/control surfaces can invalidate supported-path guarantees if consumed without audit/quarantine.,AiDENs_P29_Hard_Audit_20260507.md::F-016,"Audit and/or quarantine forge-pilot, effect-runtime, verification pipeline, federation, attestation, authority-delegation, and recursive-kernel-core before any broad correctness claim.","Audit and/or quarantine forge-pilot, effect-runtime, verification pipeline, federation, attestation, authority-delegation, and recursive-kernel-core before any broad correctness claim.",Phase 19 unaudited-surface quarantine/audit,open,"Integrated from Claude audit. F-001 is normalized as a post-hardening evidence gate, not a source/package defect because the operator later created the bundle successfully."
AHD-0026,Critical,High-confidence hardening risk,Prior audit normalized,Security & sandbox boundary,v11A Boundary/Execution Evidence,crates/aidens-tool-kit/src/lib.rs,Tool sandbox boundary has no explicit capability receipt for a rejected sensitive-path attempt. Scope variant 3: apply to crates/aidens-tool-kit/src/lib.rs and adjacent caller/callee surfaces.,Risk that filesystem/tool authority exceeds declared least-exposure boundary.,local scan: sandbox term count 523 across codebase,Add hostile sandbox tests and deny/quarantine receipts for .git/.env/symlink/hardlink/unicode/TOCTOU cases.,Add hostile sandbox tests and deny/quarantine receipts for .git/.env/symlink/hardlink/unicode/TOCTOU cases.,Phase 02 security boundary hardening,open,"Not all rows are reproduced runtime bugs; matrix intentionally includes confirmed defects, hardening risks, and missing hostile/conformance proofs."
AHD-0027,Critical,Conformance/test gap,Prior audit normalized,Security & sandbox boundary,v11A Boundary/Execution Evidence,crates/aidens-cli/src/lib.rs,Read/list/stat/search authority can expose repository metadata that should have a redaction policy. Scope variant 3: apply to crates/aidens-cli/src/lib.rs and adjacent caller/callee surfaces.,Risk that filesystem/tool authority exceeds declared least-exposure boundary.,local scan: sandbox/canonicalize paths in aidens-tool-kit; sensitive-path negative fixtures absent,Add hostile sandbox tests and deny/quarantine receipts for .git/.env/symlink/hardlink/unicode/TOCTOU cases.,Add hostile sandbox tests and deny/quarantine receipts for .git/.env/symlink/hardlink/unicode/TOCTOU cases.,Phase 02 security boundary hardening,open,"Not all rows are reproduced runtime bugs; matrix intentionally includes confirmed defects, hardening risks, and missing hostile/conformance proofs."
AHD-0028,Critical,Conformance/test gap,Prior audit normalized,Security & sandbox boundary,v11A Boundary/Execution Evidence,crates/aidens-runner/src/lib.rs,Sandbox root can be derived from ambient current directory instead of a stable declared permit scope. Scope variant 3: apply to crates/aidens-runner/src/lib.rs and adjacent caller/callee surfaces.,Risk that filesystem/tool authority exceeds declared least-exposure boundary.,local scan: sandbox term count 523 across codebase,Add hostile sandbox tests and deny/quarantine receipts for .git/.env/symlink/hardlink/unicode/TOCTOU cases.,Add hostile sandbox tests and deny/quarantine receipts for .git/.env/symlink/hardlink/unicode/TOCTOU cases.,Phase 02 security boundary hardening,open,"Not all rows are reproduced runtime bugs; matrix intentionally includes confirmed defects, hardening risks, and missing hostile/conformance proofs."
AHD-0029,Critical,High-confidence hardening risk,Prior audit normalized,Security & sandbox boundary,v11A Boundary/Execution Evidence,crates/aidens-security-kit/src/lib.rs,Cross-platform path semantics are not fully specified for Windows/macOS/Linux differences. Scope variant 3: apply to crates/aidens-security-kit/src/lib.rs and adjacent caller/callee surfaces.,Risk that filesystem/tool authority exceeds declared least-exposure boundary.,local scan: sandbox/canonicalize paths in aidens-tool-kit; sensitive-path negative fixtures absent,Add hostile sandbox tests and deny/quarantine receipts for .git/.env/symlink/hardlink/unicode/TOCTOU cases.,Add hostile sandbox tests and deny/quarantine receipts for .git/.env/symlink/hardlink/unicode/TOCTOU cases.,Phase 02 security boundary hardening,open,"Not all rows are reproduced runtime bugs; matrix intentionally includes confirmed defects, hardening risks, and missing hostile/conformance proofs."
AHD-0030,Critical,Conformance/test gap,Prior audit normalized,Security & sandbox boundary,v11A Boundary/Execution Evidence,crates/aidens-tool-kit/src/lib.rs,"Security policy lacks a complete negative corpus for dotfiles, credentials, config stores, and generated secrets. Scope variant 3: apply to crates/aidens-tool-kit/src/lib.rs and adjacent caller/callee surfaces.",Risk that filesystem/tool authority exceeds declared least-exposure boundary.,local scan: sandbox term count 523 across codebase,Add hostile sandbox tests and deny/quarantine receipts for .git/.env/symlink/hardlink/unicode/TOCTOU cases.,Add hostile sandbox tests and deny/quarantine receipts for .git/.env/symlink/hardlink/unicode/TOCTOU cases.,Phase 02 security boundary hardening,open,"Not all rows are reproduced runtime bugs; matrix intentionally includes confirmed defects, hardening risks, and missing hostile/conformance proofs."
AHD-0031,Critical,Conformance/test gap,Prior audit normalized,Security & sandbox boundary,v11A Boundary/Execution Evidence,crates/aidens-cli/src/lib.rs,Sandbox denylist does not cover one common developer-secret path or metadata surface. Scope variant 4: apply to crates/aidens-cli/src/lib.rs and adjacent caller/callee surfaces.,Risk that filesystem/tool authority exceeds declared least-exposure boundary.,local scan: sandbox/canonicalize paths in aidens-tool-kit; sensitive-path negative fixtures absent,Add hostile sandbox tests and deny/quarantine receipts for .git/.env/symlink/hardlink/unicode/TOCTOU cases.,Add hostile sandbox tests and deny/quarantine receipts for .git/.env/symlink/hardlink/unicode/TOCTOU cases.,Phase 02 security boundary hardening,open,"Not all rows are reproduced runtime bugs; matrix intentionally includes confirmed defects, hardening risks, and missing hostile/conformance proofs."
AHD-0032,Critical,High-confidence hardening risk,Prior audit normalized,Security & sandbox boundary,v11A Boundary/Execution Evidence,crates/aidens-runner/src/lib.rs,Filesystem path validation does not prove race-free handling for the target path at write time. Scope variant 4: apply to crates/aidens-runner/src/lib.rs and adjacent caller/callee surfaces.,Risk that filesystem/tool authority exceeds declared least-exposure boundary.,local scan: sandbox term count 523 across codebase,Add hostile sandbox tests and deny/quarantine receipts for .git/.env/symlink/hardlink/unicode/TOCTOU cases.,Add hostile sandbox tests and deny/quarantine receipts for .git/.env/symlink/hardlink/unicode/TOCTOU cases.,Phase 02 security boundary hardening,open,"Not all rows are reproduced runtime bugs; matrix intentionally includes confirmed defects, hardening risks, and missing hostile/conformance proofs."
AHD-0033,Critical,Conformance/test gap,Prior audit normalized,Security & sandbox boundary,v11A Boundary/Execution Evidence,crates/aidens-security-kit/src/lib.rs,Hidden file/directory access policy is weaker than the future application-builder threat model requires. Scope variant 4: apply to crates/aidens-security-kit/src/lib.rs and adjacent caller/callee surfaces.,Risk that filesystem/tool authority exceeds declared least-exposure boundary.,local scan: sandbox/canonicalize paths in aidens-tool-kit; sensitive-path negative fixtures absent,Add hostile sandbox tests and deny/quarantine receipts for .git/.env/symlink/hardlink/unicode/TOCTOU cases.,Add hostile sandbox tests and deny/quarantine receipts for .git/.env/symlink/hardlink/unicode/TOCTOU cases.,Phase 02 security boundary hardening,open,"Not all rows are reproduced runtime bugs; matrix intentionally includes confirmed defects, hardening risks, and missing hostile/conformance proofs."
AHD-0034,Critical,Conformance/test gap,Prior audit normalized,Security & sandbox boundary,v11A Boundary/Execution Evidence,crates/aidens-tool-kit/src/lib.rs,Path display can leak host-specific absolute paths when relative rendering fails. Scope variant 4: apply to crates/aidens-tool-kit/src/lib.rs and adjacent caller/callee surfaces.,Risk that filesystem/tool authority exceeds declared least-exposure boundary.,local scan: sandbox term count 523 across codebase,Add hostile sandbox tests and deny/quarantine receipts for .git/.env/symlink/hardlink/unicode/TOCTOU cases.,Add hostile sandbox tests and deny/quarantine receipts for .git/.env/symlink/hardlink/unicode/TOCTOU cases.,Phase 02 security boundary hardening,open,"Not all rows are reproduced runtime bugs; matrix intentionally includes confirmed defects, hardening risks, and missing hostile/conformance proofs."
AHD-0035,Critical,High-confidence hardening risk,Prior audit normalized,Security & sandbox boundary,v11A Boundary/Execution Evidence,crates/aidens-cli/src/lib.rs,"Symlink, hardlink, mountpoint, or case-folding behavior lacks an explicit hostile fixture. Scope variant 4: apply to crates/aidens-cli/src/lib.rs and adjacent caller/callee surfaces.",Risk that filesystem/tool authority exceeds declared least-exposure boundary.,local scan: sandbox/canonicalize paths in aidens-tool-kit; sensitive-path negative fixtures absent,Add hostile sandbox tests and deny/quarantine receipts for .git/.env/symlink/hardlink/unicode/TOCTOU cases.,Add hostile sandbox tests and deny/quarantine receipts for .git/.env/symlink/hardlink/unicode/TOCTOU cases.,Phase 02 security boundary hardening,open,"Not all rows are reproduced runtime bugs; matrix intentionally includes confirmed defects, hardening risks, and missing hostile/conformance proofs."
AHD-0036,Critical,Conformance/test gap,Prior audit normalized,Security & sandbox boundary,v11A Boundary/Execution Evidence,crates/aidens-runner/src/lib.rs,Tool sandbox boundary has no explicit capability receipt for a rejected sensitive-path attempt. Scope variant 4: apply to crates/aidens-runner/src/lib.rs and adjacent caller/callee surfaces.,Risk that filesystem/tool authority exceeds declared least-exposure boundary.,local scan: sandbox term count 523 across codebase,Add hostile sandbox tests and deny/quarantine receipts for .git/.env/symlink/hardlink/unicode/TOCTOU cases.,Add hostile sandbox tests and deny/quarantine receipts for .git/.env/symlink/hardlink/unicode/TOCTOU cases.,Phase 02 security boundary hardening,open,"Not all rows are reproduced runtime bugs; matrix intentionally includes confirmed defects, hardening risks, and missing hostile/conformance proofs."
AHD-0037,Critical,Conformance/test gap,Prior audit normalized,Security & sandbox boundary,v11A Boundary/Execution Evidence,crates/aidens-security-kit/src/lib.rs,Read/list/stat/search authority can expose repository metadata that should have a redaction policy. Scope variant 4: apply to crates/aidens-security-kit/src/lib.rs and adjacent caller/callee surfaces.,Risk that filesystem/tool authority exceeds declared least-exposure boundary.,local scan: sandbox/canonicalize paths in aidens-tool-kit; sensitive-path negative fixtures absent,Add hostile sandbox tests and deny/quarantine receipts for .git/.env/symlink/hardlink/unicode/TOCTOU cases.,Add hostile sandbox tests and deny/quarantine receipts for .git/.env/symlink/hardlink/unicode/TOCTOU cases.,Phase 02 security boundary hardening,open,"Not all rows are reproduced runtime bugs; matrix intentionally includes confirmed defects, hardening risks, and missing hostile/conformance proofs."
AHD-0038,Critical,High-confidence hardening risk,Prior audit normalized,Security & sandbox boundary,v11A Boundary/Execution Evidence,crates/aidens-tool-kit/src/lib.rs,Sandbox root can be derived from ambient current directory instead of a stable declared permit scope. Scope variant 4: apply to crates/aidens-tool-kit/src/lib.rs and adjacent caller/callee surfaces.,Risk that filesystem/tool authority exceeds declared least-exposure boundary.,local scan: sandbox term count 523 across codebase,Add hostile sandbox tests and deny/quarantine receipts for .git/.env/symlink/hardlink/unicode/TOCTOU cases.,Add hostile sandbox tests and deny/quarantine receipts for .git/.env/symlink/hardlink/unicode/TOCTOU cases.,Phase 02 security boundary hardening,open,"Not all rows are reproduced runtime bugs; matrix intentionally includes confirmed defects, hardening risks, and missing hostile/conformance proofs."
AHD-0039,Critical,Conformance/test gap,Prior audit normalized,Security & sandbox boundary,v11A Boundary/Execution Evidence,crates/aidens-cli/src/lib.rs,Cross-platform path semantics are not fully specified for Windows/macOS/Linux differences. Scope variant 4: apply to crates/aidens-cli/src/lib.rs and adjacent caller/callee surfaces.,Risk that filesystem/tool authority exceeds declared least-exposure boundary.,local scan: sandbox/canonicalize paths in aidens-tool-kit; sensitive-path negative fixtures absent,Add hostile sandbox tests and deny/quarantine receipts for .git/.env/symlink/hardlink/unicode/TOCTOU cases.,Add hostile sandbox tests and deny/quarantine receipts for .git/.env/symlink/hardlink/unicode/TOCTOU cases.,Phase 02 security boundary hardening,open,"Not all rows are reproduced runtime bugs; matrix intentionally includes confirmed defects, hardening risks, and missing hostile/conformance proofs."
AHD-0040,Critical,Conformance/test gap,Prior audit normalized,Security & sandbox boundary,v11A Boundary/Execution Evidence,crates/aidens-runner/src/lib.rs,"Security policy lacks a complete negative corpus for dotfiles, credentials, config stores, and generated secrets. Scope variant 4: apply to crates/aidens-runner/src/lib.rs and adjacent caller/callee surfaces.",Risk that filesystem/tool authority exceeds declared least-exposure boundary.,local scan: sandbox term count 523 across codebase,Add hostile sandbox tests and deny/quarantine receipts for .git/.env/symlink/hardlink/unicode/TOCTOU cases.,Add hostile sandbox tests and deny/quarantine receipts for .git/.env/symlink/hardlink/unicode/TOCTOU cases.,Phase 02 security boundary hardening,open,"Not all rows are reproduced runtime bugs; matrix intentionally includes confirmed defects, hardening risks, and missing hostile/conformance proofs."
AHD-0041,Critical,High-confidence hardening risk,Prior audit normalized,Security & sandbox boundary,v11A Boundary/Execution Evidence,crates/aidens-security-kit/src/lib.rs,Sandbox denylist does not cover one common developer-secret path or metadata surface. Scope variant 5: apply to crates/aidens-security-kit/src/lib.rs and adjacent caller/callee surfaces.,Risk that filesystem/tool authority exceeds declared least-exposure boundary.,local scan: sandbox/canonicalize paths in aidens-tool-kit; sensitive-path negative fixtures absent,Add hostile sandbox tests and deny/quarantine receipts for .git/.env/symlink/hardlink/unicode/TOCTOU cases.,Add hostile sandbox tests and deny/quarantine receipts for .git/.env/symlink/hardlink/unicode/TOCTOU cases.,Phase 02 security boundary hardening,open,"Not all rows are reproduced runtime bugs; matrix intentionally includes confirmed defects, hardening risks, and missing hostile/conformance proofs."
AHD-0042,Critical,Conformance/test gap,Prior audit normalized,Security & sandbox boundary,v11A Boundary/Execution Evidence,crates/aidens-tool-kit/src/lib.rs,Filesystem path validation does not prove race-free handling for the target path at write time. Scope variant 5: apply to crates/aidens-tool-kit/src/lib.rs and adjacent caller/callee surfaces.,Risk that filesystem/tool authority exceeds declared least-exposure boundary.,local scan: sandbox term count 523 across codebase,Add hostile sandbox tests and deny/quarantine receipts for .git/.env/symlink/hardlink/unicode/TOCTOU cases.,Add hostile sandbox tests and deny/quarantine receipts for .git/.env/symlink/hardlink/unicode/TOCTOU cases.,Phase 02 security boundary hardening,open,"Not all rows are reproduced runtime bugs; matrix intentionally includes confirmed defects, hardening risks, and missing hostile/conformance proofs."
AHD-0043,Critical,Conformance/test gap,Prior audit normalized,Security & sandbox boundary,v11A Boundary/Execution Evidence,crates/aidens-cli/src/lib.rs,Hidden file/directory access policy is weaker than the future application-builder threat model requires. Scope variant 5: apply to crates/aidens-cli/src/lib.rs and adjacent caller/callee surfaces.,Risk that filesystem/tool authority exceeds declared least-exposure boundary.,local scan: sandbox/canonicalize paths in aidens-tool-kit; sensitive-path negative fixtures absent,Add hostile sandbox tests and deny/quarantine receipts for .git/.env/symlink/hardlink/unicode/TOCTOU cases.,Add hostile sandbox tests and deny/quarantine receipts for .git/.env/symlink/hardlink/unicode/TOCTOU cases.,Phase 02 security boundary hardening,open,"Not all rows are reproduced runtime bugs; matrix intentionally includes confirmed defects, hardening risks, and missing hostile/conformance proofs."
AHD-0044,Critical,High-confidence hardening risk,Prior audit normalized,Security & sandbox boundary,v11A Boundary/Execution Evidence,crates/aidens-runner/src/lib.rs,Path display can leak host-specific absolute paths when relative rendering fails. Scope variant 5: apply to crates/aidens-runner/src/lib.rs and adjacent caller/callee surfaces.,Risk that filesystem/tool authority exceeds declared least-exposure boundary.,local scan: sandbox term count 523 across codebase,Add hostile sandbox tests and deny/quarantine receipts for .git/.env/symlink/hardlink/unicode/TOCTOU cases.,Add hostile sandbox tests and deny/quarantine receipts for .git/.env/symlink/hardlink/unicode/TOCTOU cases.,Phase 02 security boundary hardening,open,"Not all rows are reproduced runtime bugs; matrix intentionally includes confirmed defects, hardening risks, and missing hostile/conformance proofs."
AHD-0045,Critical,Conformance/test gap,Prior audit normalized,Security & sandbox boundary,v11A Boundary/Execution Evidence,crates/aidens-security-kit/src/lib.rs,"Symlink, hardlink, mountpoint, or case-folding behavior lacks an explicit hostile fixture. Scope variant 5: apply to crates/aidens-security-kit/src/lib.rs and adjacent caller/callee surfaces.",Risk that filesystem/tool authority exceeds declared least-exposure boundary.,local scan: sandbox/canonicalize paths in aidens-tool-kit; sensitive-path negative fixtures absent,Add hostile sandbox tests and deny/quarantine receipts for .git/.env/symlink/hardlink/unicode/TOCTOU cases.,Add hostile sandbox tests and deny/quarantine receipts for .git/.env/symlink/hardlink/unicode/TOCTOU cases.,Phase 02 security boundary hardening,open,"Not all rows are reproduced runtime bugs; matrix intentionally includes confirmed defects, hardening risks, and missing hostile/conformance proofs."
AHD-0046,Critical,Conformance/test gap,Prior audit normalized,Security & sandbox boundary,v11A Boundary/Execution Evidence,crates/aidens-tool-kit/src/lib.rs,Tool sandbox boundary has no explicit capability receipt for a rejected sensitive-path attempt. Scope variant 5: apply to crates/aidens-tool-kit/src/lib.rs and adjacent caller/callee surfaces.,Risk that filesystem/tool authority exceeds declared least-exposure boundary.,local scan: sandbox term count 523 across codebase,Add hostile sandbox tests and deny/quarantine receipts for .git/.env/symlink/hardlink/unicode/TOCTOU cases.,Add hostile sandbox tests and deny/quarantine receipts for .git/.env/symlink/hardlink/unicode/TOCTOU cases.,Phase 02 security boundary hardening,open,"Not all rows are reproduced runtime bugs; matrix intentionally includes confirmed defects, hardening risks, and missing hostile/conformance proofs."
AHD-0047,Critical,High-confidence hardening risk,Prior audit normalized,Security & sandbox boundary,v11A Boundary/Execution Evidence,crates/aidens-cli/src/lib.rs,Read/list/stat/search authority can expose repository metadata that should have a redaction policy. Scope variant 5: apply to crates/aidens-cli/src/lib.rs and adjacent caller/callee surfaces.,Risk that filesystem/tool authority exceeds declared least-exposure boundary.,local scan: sandbox/canonicalize paths in aidens-tool-kit; sensitive-path negative fixtures absent,Add hostile sandbox tests and deny/quarantine receipts for .git/.env/symlink/hardlink/unicode/TOCTOU cases.,Add hostile sandbox tests and deny/quarantine receipts for .git/.env/symlink/hardlink/unicode/TOCTOU cases.,Phase 02 security boundary hardening,open,"Not all rows are reproduced runtime bugs; matrix intentionally includes confirmed defects, hardening risks, and missing hostile/conformance proofs."
AHD-0048,Critical,Conformance/test gap,Prior audit normalized,Security & sandbox boundary,v11A Boundary/Execution Evidence,crates/aidens-runner/src/lib.rs,Sandbox root can be derived from ambient current directory instead of a stable declared permit scope. Scope variant 5: apply to crates/aidens-runner/src/lib.rs and adjacent caller/callee surfaces.,Risk that filesystem/tool authority exceeds declared least-exposure boundary.,local scan: sandbox term count 523 across codebase,Add hostile sandbox tests and deny/quarantine receipts for .git/.env/symlink/hardlink/unicode/TOCTOU cases.,Add hostile sandbox tests and deny/quarantine receipts for .git/.env/symlink/hardlink/unicode/TOCTOU cases.,Phase 02 security boundary hardening,open,"Not all rows are reproduced runtime bugs; matrix intentionally includes confirmed defects, hardening risks, and missing hostile/conformance proofs."
AHD-0049,Critical,Conformance/test gap,Prior audit normalized,Security & sandbox boundary,v11A Boundary/Execution Evidence,crates/aidens-security-kit/src/lib.rs,Cross-platform path semantics are not fully specified for Windows/macOS/Linux differences. Scope variant 5: apply to crates/aidens-security-kit/src/lib.rs and adjacent caller/callee surfaces.,Risk that filesystem/tool authority exceeds declared least-exposure boundary.,local scan: sandbox/canonicalize paths in aidens-tool-kit; sensitive-path negative fixtures absent,Add hostile sandbox tests and deny/quarantine receipts for .git/.env/symlink/hardlink/unicode/TOCTOU cases.,Add hostile sandbox tests and deny/quarantine receipts for .git/.env/symlink/hardlink/unicode/TOCTOU cases.,Phase 02 security boundary hardening,open,"Not all rows are reproduced runtime bugs; matrix intentionally includes confirmed defects, hardening risks, and missing hostile/conformance proofs."
AHD-0050,Critical,High-confidence hardening risk,Prior audit normalized,Security & sandbox boundary,v11A Boundary/Execution Evidence,crates/aidens-tool-kit/src/lib.rs,"Security policy lacks a complete negative corpus for dotfiles, credentials, config stores, and generated secrets. Scope variant 5: apply to crates/aidens-tool-kit/src/lib.rs and adjacent caller/callee surfaces.",Risk that filesystem/tool authority exceeds declared least-exposure boundary.,local scan: sandbox term count 523 across codebase,Add hostile sandbox tests and deny/quarantine receipts for .git/.env/symlink/hardlink/unicode/TOCTOU cases.,Add hostile sandbox tests and deny/quarantine receipts for .git/.env/symlink/hardlink/unicode/TOCTOU cases.,Phase 02 security boundary hardening,open,"Not all rows are reproduced runtime bugs; matrix intentionally includes confirmed defects, hardening risks, and missing hostile/conformance proofs."
AHD-0051,Critical,Conformance/test gap,Prior audit normalized,Security & sandbox boundary,v11A Boundary/Execution Evidence,crates/aidens-cli/src/lib.rs,Sandbox denylist does not cover one common developer-secret path or metadata surface. Scope variant 6: apply to crates/aidens-cli/src/lib.rs and adjacent caller/callee surfaces.,Risk that filesystem/tool authority exceeds declared least-exposure boundary.,local scan: sandbox/canonicalize paths in aidens-tool-kit; sensitive-path negative fixtures absent,Add hostile sandbox tests and deny/quarantine receipts for .git/.env/symlink/hardlink/unicode/TOCTOU cases.,Add hostile sandbox tests and deny/quarantine receipts for .git/.env/symlink/hardlink/unicode/TOCTOU cases.,Phase 02 security boundary hardening,open,"Not all rows are reproduced runtime bugs; matrix intentionally includes confirmed defects, hardening risks, and missing hostile/conformance proofs."
AHD-0052,Critical,Conformance/test gap,Prior audit normalized,Security & sandbox boundary,v11A Boundary/Execution Evidence,crates/aidens-runner/src/lib.rs,Filesystem path validation does not prove race-free handling for the target path at write time. Scope variant 6: apply to crates/aidens-runner/src/lib.rs and adjacent caller/callee surfaces.,Risk that filesystem/tool authority exceeds declared least-exposure boundary.,local scan: sandbox term count 523 across codebase,Add hostile sandbox tests and deny/quarantine receipts for .git/.env/symlink/hardlink/unicode/TOCTOU cases.,Add hostile sandbox tests and deny/quarantine receipts for .git/.env/symlink/hardlink/unicode/TOCTOU cases.,Phase 02 security boundary hardening,open,"Not all rows are reproduced runtime bugs; matrix intentionally includes confirmed defects, hardening risks, and missing hostile/conformance proofs."
AHD-0053,Critical,High-confidence hardening risk,Prior audit normalized,Security & sandbox boundary,v11A Boundary/Execution Evidence,crates/aidens-security-kit/src/lib.rs,Hidden file/directory access policy is weaker than the future application-builder threat model requires. Scope variant 6: apply to crates/aidens-security-kit/src/lib.rs and adjacent caller/callee surfaces.,Risk that filesystem/tool authority exceeds declared least-exposure boundary.,local scan: sandbox/canonicalize paths in aidens-tool-kit; sensitive-path negative fixtures absent,Add hostile sandbox tests and deny/quarantine receipts for .git/.env/symlink/hardlink/unicode/TOCTOU cases.,Add hostile sandbox tests and deny/quarantine receipts for .git/.env/symlink/hardlink/unicode/TOCTOU cases.,Phase 02 security boundary hardening,open,"Not all rows are reproduced runtime bugs; matrix intentionally includes confirmed defects, hardening risks, and missing hostile/conformance proofs."
AHD-0054,Critical,Conformance/test gap,Prior audit normalized,Security & sandbox boundary,v11A Boundary/Execution Evidence,crates/aidens-tool-kit/src/lib.rs,Path display can leak host-specific absolute paths when relative rendering fails. Scope variant 6: apply to crates/aidens-tool-kit/src/lib.rs and adjacent caller/callee surfaces.,Risk that filesystem/tool authority exceeds declared least-exposure boundary.,local scan: sandbox term count 523 across codebase,Add hostile sandbox tests and deny/quarantine receipts for .git/.env/symlink/hardlink/unicode/TOCTOU cases.,Add hostile sandbox tests and deny/quarantine receipts for .git/.env/symlink/hardlink/unicode/TOCTOU cases.,Phase 02 security boundary hardening,open,"Not all rows are reproduced runtime bugs; matrix intentionally includes confirmed defects, hardening risks, and missing hostile/conformance proofs."
AHD-0055,Critical,Conformance/test gap,Prior audit normalized,Security & sandbox boundary,v11A Boundary/Execution Evidence,crates/aidens-cli/src/lib.rs,"Symlink, hardlink, mountpoint, or case-folding behavior lacks an explicit hostile fixture. Scope variant 6: apply to crates/aidens-cli/src/lib.rs and adjacent caller/callee surfaces.",Risk that filesystem/tool authority exceeds declared least-exposure boundary.,local scan: sandbox/canonicalize paths in aidens-tool-kit; sensitive-path negative fixtures absent,Add hostile sandbox tests and deny/quarantine receipts for .git/.env/symlink/hardlink/unicode/TOCTOU cases.,Add hostile sandbox tests and deny/quarantine receipts for .git/.env/symlink/hardlink/unicode/TOCTOU cases.,Phase 02 security boundary hardening,open,"Not all rows are reproduced runtime bugs; matrix intentionally includes confirmed defects, hardening risks, and missing hostile/conformance proofs."
AHD-0056,Critical,High-confidence hardening risk,Prior audit normalized,Security & sandbox boundary,v11A Boundary/Execution Evidence,crates/aidens-runner/src/lib.rs,Tool sandbox boundary has no explicit capability receipt for a rejected sensitive-path attempt. Scope variant 6: apply to crates/aidens-runner/src/lib.rs and adjacent caller/callee surfaces.,Risk that filesystem/tool authority exceeds declared least-exposure boundary.,local scan: sandbox term count 523 across codebase,Add hostile sandbox tests and deny/quarantine receipts for .git/.env/symlink/hardlink/unicode/TOCTOU cases.,Add hostile sandbox tests and deny/quarantine receipts for .git/.env/symlink/hardlink/unicode/TOCTOU cases.,Phase 02 security boundary hardening,open,"Not all rows are reproduced runtime bugs; matrix intentionally includes confirmed defects, hardening risks, and missing hostile/conformance proofs."
AHD-0057,Critical,Conformance/test gap,Prior audit normalized,Security & sandbox boundary,v11A Boundary/Execution Evidence,crates/aidens-security-kit/src/lib.rs,Read/list/stat/search authority can expose repository metadata that should have a redaction policy. Scope variant 6: apply to crates/aidens-security-kit/src/lib.rs and adjacent caller/callee surfaces.,Risk that filesystem/tool authority exceeds declared least-exposure boundary.,local scan: sandbox/canonicalize paths in aidens-tool-kit; sensitive-path negative fixtures absent,Add hostile sandbox tests and deny/quarantine receipts for .git/.env/symlink/hardlink/unicode/TOCTOU cases.,Add hostile sandbox tests and deny/quarantine receipts for .git/.env/symlink/hardlink/unicode/TOCTOU cases.,Phase 02 security boundary hardening,open,"Not all rows are reproduced runtime bugs; matrix intentionally includes confirmed defects, hardening risks, and missing hostile/conformance proofs."
AHD-0058,Critical,Conformance/test gap,Prior audit normalized,Security & sandbox boundary,v11A Boundary/Execution Evidence,crates/aidens-tool-kit/src/lib.rs,Sandbox root can be derived from ambient current directory instead of a stable declared permit scope. Scope variant 6: apply to crates/aidens-tool-kit/src/lib.rs and adjacent caller/callee surfaces.,Risk that filesystem/tool authority exceeds declared least-exposure boundary.,local scan: sandbox term count 523 across codebase,Add hostile sandbox tests and deny/quarantine receipts for .git/.env/symlink/hardlink/unicode/TOCTOU cases.,Add hostile sandbox tests and deny/quarantine receipts for .git/.env/symlink/hardlink/unicode/TOCTOU cases.,Phase 02 security boundary hardening,open,"Not all rows are reproduced runtime bugs; matrix intentionally includes confirmed defects, hardening risks, and missing hostile/conformance proofs."
AHD-0059,Critical,High-confidence hardening risk,Prior audit normalized,Security & sandbox boundary,v11A Boundary/Execution Evidence,crates/aidens-cli/src/lib.rs,Cross-platform path semantics are not fully specified for Windows/macOS/Linux differences. Scope variant 6: apply to crates/aidens-cli/src/lib.rs and adjacent caller/callee surfaces.,Risk that filesystem/tool authority exceeds declared least-exposure boundary.,local scan: sandbox/canonicalize paths in aidens-tool-kit; sensitive-path negative fixtures absent,Add hostile sandbox tests and deny/quarantine receipts for .git/.env/symlink/hardlink/unicode/TOCTOU cases.,Add hostile sandbox tests and deny/quarantine receipts for .git/.env/symlink/hardlink/unicode/TOCTOU cases.,Phase 02 security boundary hardening,open,"Not all rows are reproduced runtime bugs; matrix intentionally includes confirmed defects, hardening risks, and missing hostile/conformance proofs."
AHD-0060,Critical,Conformance/test gap,Prior audit normalized,Security & sandbox boundary,v11A Boundary/Execution Evidence,crates/aidens-runner/src/lib.rs,"Security policy lacks a complete negative corpus for dotfiles, credentials, config stores, and generated secrets. Scope variant 6: apply to crates/aidens-runner/src/lib.rs and adjacent caller/callee surfaces.",Risk that filesystem/tool authority exceeds declared least-exposure boundary.,local scan: sandbox term count 523 across codebase,Add hostile sandbox tests and deny/quarantine receipts for .git/.env/symlink/hardlink/unicode/TOCTOU cases.,Add hostile sandbox tests and deny/quarantine receipts for .git/.env/symlink/hardlink/unicode/TOCTOU cases.,Phase 02 security boundary hardening,open,"Not all rows are reproduced runtime bugs; matrix intentionally includes confirmed defects, hardening risks, and missing hostile/conformance proofs."
AHD-0061,Critical,Conformance/test gap,Prior audit normalized,Security & sandbox boundary,v11A Boundary/Execution Evidence,crates/aidens-security-kit/src/lib.rs,Sandbox denylist does not cover one common developer-secret path or metadata surface. Scope variant 7: apply to crates/aidens-security-kit/src/lib.rs and adjacent caller/callee surfaces.,Risk that filesystem/tool authority exceeds declared least-exposure boundary.,local scan: sandbox/canonicalize paths in aidens-tool-kit; sensitive-path negative fixtures absent,Add hostile sandbox tests and deny/quarantine receipts for .git/.env/symlink/hardlink/unicode/TOCTOU cases.,Add hostile sandbox tests and deny/quarantine receipts for .git/.env/symlink/hardlink/unicode/TOCTOU cases.,Phase 02 security boundary hardening,open,"Not all rows are reproduced runtime bugs; matrix intentionally includes confirmed defects, hardening risks, and missing hostile/conformance proofs."
AHD-0062,Critical,High-confidence hardening risk,Prior audit normalized,Security & sandbox boundary,v11A Boundary/Execution Evidence,crates/aidens-tool-kit/src/lib.rs,Filesystem path validation does not prove race-free handling for the target path at write time. Scope variant 7: apply to crates/aidens-tool-kit/src/lib.rs and adjacent caller/callee surfaces.,Risk that filesystem/tool authority exceeds declared least-exposure boundary.,local scan: sandbox term count 523 across codebase,Add hostile sandbox tests and deny/quarantine receipts for .git/.env/symlink/hardlink/unicode/TOCTOU cases.,Add hostile sandbox tests and deny/quarantine receipts for .git/.env/symlink/hardlink/unicode/TOCTOU cases.,Phase 02 security boundary hardening,open,"Not all rows are reproduced runtime bugs; matrix intentionally includes confirmed defects, hardening risks, and missing hostile/conformance proofs."
AHD-0063,Critical,Conformance/test gap,Prior audit normalized,Security & sandbox boundary,v11A Boundary/Execution Evidence,crates/aidens-cli/src/lib.rs,Hidden file/directory access policy is weaker than the future application-builder threat model requires. Scope variant 7: apply to crates/aidens-cli/src/lib.rs and adjacent caller/callee surfaces.,Risk that filesystem/tool authority exceeds declared least-exposure boundary.,local scan: sandbox/canonicalize paths in aidens-tool-kit; sensitive-path negative fixtures absent,Add hostile sandbox tests and deny/quarantine receipts for .git/.env/symlink/hardlink/unicode/TOCTOU cases.,Add hostile sandbox tests and deny/quarantine receipts for .git/.env/symlink/hardlink/unicode/TOCTOU cases.,Phase 02 security boundary hardening,open,"Not all rows are reproduced runtime bugs; matrix intentionally includes confirmed defects, hardening risks, and missing hostile/conformance proofs."
AHD-0064,Critical,Conformance/test gap,Prior audit normalized,Security & sandbox boundary,v11A Boundary/Execution Evidence,crates/aidens-runner/src/lib.rs,Path display can leak host-specific absolute paths when relative rendering fails. Scope variant 7: apply to crates/aidens-runner/src/lib.rs and adjacent caller/callee surfaces.,Risk that filesystem/tool authority exceeds declared least-exposure boundary.,local scan: sandbox term count 523 across codebase,Add hostile sandbox tests and deny/quarantine receipts for .git/.env/symlink/hardlink/unicode/TOCTOU cases.,Add hostile sandbox tests and deny/quarantine receipts for .git/.env/symlink/hardlink/unicode/TOCTOU cases.,Phase 02 security boundary hardening,open,"Not all rows are reproduced runtime bugs; matrix intentionally includes confirmed defects, hardening risks, and missing hostile/conformance proofs."
AHD-0065,Critical,High-confidence hardening risk,Prior audit normalized,Security & sandbox boundary,v11A Boundary/Execution Evidence,crates/aidens-security-kit/src/lib.rs,"Symlink, hardlink, mountpoint, or case-folding behavior lacks an explicit hostile fixture. Scope variant 7: apply to crates/aidens-security-kit/src/lib.rs and adjacent caller/callee surfaces.",Risk that filesystem/tool authority exceeds declared least-exposure boundary.,local scan: sandbox/canonicalize paths in aidens-tool-kit; sensitive-path negative fixtures absent,Add hostile sandbox tests and deny/quarantine receipts for .git/.env/symlink/hardlink/unicode/TOCTOU cases.,Add hostile sandbox tests and deny/quarantine receipts for .git/.env/symlink/hardlink/unicode/TOCTOU cases.,Phase 02 security boundary hardening,open,"Not all rows are reproduced runtime bugs; matrix intentionally includes confirmed defects, hardening risks, and missing hostile/conformance proofs."
AHD-0066,Critical,Conformance/test gap,Prior audit normalized,Security & sandbox boundary,v11A Boundary/Execution Evidence,crates/aidens-tool-kit/src/lib.rs,Tool sandbox boundary has no explicit capability receipt for a rejected sensitive-path attempt. Scope variant 7: apply to crates/aidens-tool-kit/src/lib.rs and adjacent caller/callee surfaces.,Risk that filesystem/tool authority exceeds declared least-exposure boundary.,local scan: sandbox term count 523 across codebase,Add hostile sandbox tests and deny/quarantine receipts for .git/.env/symlink/hardlink/unicode/TOCTOU cases.,Add hostile sandbox tests and deny/quarantine receipts for .git/.env/symlink/hardlink/unicode/TOCTOU cases.,Phase 02 security boundary hardening,open,"Not all rows are reproduced runtime bugs; matrix intentionally includes confirmed defects, hardening risks, and missing hostile/conformance proofs."
AHD-0067,Critical,Conformance/test gap,Prior audit normalized,Security & sandbox boundary,v11A Boundary/Execution Evidence,crates/aidens-cli/src/lib.rs,Read/list/stat/search authority can expose repository metadata that should have a redaction policy. Scope variant 7: apply to crates/aidens-cli/src/lib.rs and adjacent caller/callee surfaces.,Risk that filesystem/tool authority exceeds declared least-exposure boundary.,local scan: sandbox/canonicalize paths in aidens-tool-kit; sensitive-path negative fixtures absent,Add hostile sandbox tests and deny/quarantine receipts for .git/.env/symlink/hardlink/unicode/TOCTOU cases.,Add hostile sandbox tests and deny/quarantine receipts for .git/.env/symlink/hardlink/unicode/TOCTOU cases.,Phase 02 security boundary hardening,open,"Not all rows are reproduced runtime bugs; matrix intentionally includes confirmed defects, hardening risks, and missing hostile/conformance proofs."
AHD-0068,Critical,High-confidence hardening risk,Prior audit normalized,Security & sandbox boundary,v11A Boundary/Execution Evidence,crates/aidens-runner/src/lib.rs,Sandbox root can be derived from ambient current directory instead of a stable declared permit scope. Scope variant 7: apply to crates/aidens-runner/src/lib.rs and adjacent caller/callee surfaces.,Risk that filesystem/tool authority exceeds declared least-exposure boundary.,local scan: sandbox term count 523 across codebase,Add hostile sandbox tests and deny/quarantine receipts for .git/.env/symlink/hardlink/unicode/TOCTOU cases.,Add hostile sandbox tests and deny/quarantine receipts for .git/.env/symlink/hardlink/unicode/TOCTOU cases.,Phase 02 security boundary hardening,open,"Not all rows are reproduced runtime bugs; matrix intentionally includes confirmed defects, hardening risks, and missing hostile/conformance proofs."
AHD-0069,Critical,Conformance/test gap,Prior audit normalized,Security & sandbox boundary,v11A Boundary/Execution Evidence,crates/aidens-security-kit/src/lib.rs,Cross-platform path semantics are not fully specified for Windows/macOS/Linux differences. Scope variant 7: apply to crates/aidens-security-kit/src/lib.rs and adjacent caller/callee surfaces.,Risk that filesystem/tool authority exceeds declared least-exposure boundary.,local scan: sandbox/canonicalize paths in aidens-tool-kit; sensitive-path negative fixtures absent,Add hostile sandbox tests and deny/quarantine receipts for .git/.env/symlink/hardlink/unicode/TOCTOU cases.,Add hostile sandbox tests and deny/quarantine receipts for .git/.env/symlink/hardlink/unicode/TOCTOU cases.,Phase 02 security boundary hardening,open,"Not all rows are reproduced runtime bugs; matrix intentionally includes confirmed defects, hardening risks, and missing hostile/conformance proofs."
AHD-0070,Critical,Conformance/test gap,Prior audit normalized,Security & sandbox boundary,v11A Boundary/Execution Evidence,crates/aidens-tool-kit/src/lib.rs,"Security policy lacks a complete negative corpus for dotfiles, credentials, config stores, and generated secrets. Scope variant 7: apply to crates/aidens-tool-kit/src/lib.rs and adjacent caller/callee surfaces.",Risk that filesystem/tool authority exceeds declared least-exposure boundary.,local scan: sandbox term count 523 across codebase,Add hostile sandbox tests and deny/quarantine receipts for .git/.env/symlink/hardlink/unicode/TOCTOU cases.,Add hostile sandbox tests and deny/quarantine receipts for .git/.env/symlink/hardlink/unicode/TOCTOU cases.,Phase 02 security boundary hardening,open,"Not all rows are reproduced runtime bugs; matrix intentionally includes confirmed defects, hardening risks, and missing hostile/conformance proofs."
AHD-0071,Critical,Conformance/test gap,Prior audit normalized,Tool exposure & permit policy,v11A Material Operation / Permit,crates/aidens-tool-kit/src/lib.rs,Default coding tool registry exposes or enables a capability broader than least-exposure requires.,"Risk that declared tools, exposed tools, permitted tools, and executable tools diverge.",local scan: receipt_persistence Ephemeral at aidens-tool-kit/src/lib.rs:211,Add tool exposure parity harness: declared vs registered vs executable vs exposed vs provider schema vs permit-used.,Add tool exposure parity harness: declared vs registered vs executable vs exposed vs provider schema vs permit-used.,Phase 03 tool/permit exposure parity,open,"Not all rows are reproduced runtime bugs; matrix intentionally includes confirmed defects, hardening risks, and missing hostile/conformance proofs."
AHD-0072,Critical,High-confidence hardening risk,Prior audit normalized,Tool exposure & permit policy,v11A Material Operation / Permit,crates/aidens-permit-kit/src/lib.rs,"Declared tool, registered tool, executable tool, exposed tool, and provider-schema tool states can diverge.","Risk that declared tools, exposed tools, permitted tools, and executable tools diverge.",local scan: safe_coding_registry_for_current_dir fallback at aidens-tool-kit/src/lib.rs:631-632,Add tool exposure parity harness: declared vs registered vs executable vs exposed vs provider schema vs permit-used.,Add tool exposure parity harness: declared vs registered vs executable vs exposed vs provider schema vs permit-used.,Phase 03 tool/permit exposure parity,open,"Not all rows are reproduced runtime bugs; matrix intentionally includes confirmed defects, hardening risks, and missing hostile/conformance proofs."
AHD-0073,Critical,Conformance/test gap,Prior audit normalized,Tool exposure & permit policy,v11A Material Operation / Permit,crates/aidens-contracts/src/capability_turn.rs,Tool descriptor persistence can be ephemeral even when the tool materially affects artifacts.,"Risk that declared tools, exposed tools, permitted tools, and executable tools diverge.",local scan: receipt_persistence Ephemeral at aidens-tool-kit/src/lib.rs:211,Add tool exposure parity harness: declared vs registered vs executable vs exposed vs provider schema vs permit-used.,Add tool exposure parity harness: declared vs registered vs executable vs exposed vs provider schema vs permit-used.,Phase 03 tool/permit exposure parity,open,"Not all rows are reproduced runtime bugs; matrix intentionally includes confirmed defects, hardening risks, and missing hostile/conformance proofs."
AHD-0074,Critical,Conformance/test gap,Prior audit normalized,Tool exposure & permit policy,v11A Material Operation / Permit,crates/aidens-tool-kit/src/lib.rs,Permit-use evidence is not proven to be durable and queryable for every side-effecting tool path.,"Risk that declared tools, exposed tools, permitted tools, and executable tools diverge.",local scan: safe_coding_registry_for_current_dir fallback at aidens-tool-kit/src/lib.rs:631-632,Add tool exposure parity harness: declared vs registered vs executable vs exposed vs provider schema vs permit-used.,Add tool exposure parity harness: declared vs registered vs executable vs exposed vs provider schema vs permit-used.,Phase 03 tool/permit exposure parity,open,"Not all rows are reproduced runtime bugs; matrix intentionally includes confirmed defects, hardening risks, and missing hostile/conformance proofs."
AHD-0075,Critical,High-confidence hardening risk,Prior audit normalized,Tool exposure & permit policy,v11A Material Operation / Permit,crates/aidens-permit-kit/src/lib.rs,Provider route policy can hide a tool for one route but not prove disabled tools are nonexistent.,"Risk that declared tools, exposed tools, permitted tools, and executable tools diverge.",local scan: receipt_persistence Ephemeral at aidens-tool-kit/src/lib.rs:211,Add tool exposure parity harness: declared vs registered vs executable vs exposed vs provider schema vs permit-used.,Add tool exposure parity harness: declared vs registered vs executable vs exposed vs provider schema vs permit-used.,Phase 03 tool/permit exposure parity,open,"Not all rows are reproduced runtime bugs; matrix intentionally includes confirmed defects, hardening risks, and missing hostile/conformance proofs."
AHD-0116,Critical,Confirmed source pattern,Prior audit normalized,Patch transactionality & treatment integrity,v11A Boundary Compiler / Treatment Integrity,crates/aidens-tool-kit/src/lib.rs,Patch application is not a full unified-diff interpreter and can mislead users/tools expecting patch semantics.,"Risk that code changes are applied without atomicity, rollback, or semantic receipts.",local scan: patch_apply implementation at aidens-tool-kit/src/lib.rs:1198; patch term count 448,"Replace or constrain patch_apply; require transaction receipt, before/after digests, rollback/quarantine, and post-write verification.","Replace or constrain patch_apply; require transaction receipt, before/after digests, rollback/quarantine, and post-write verification.",Phase 04 transactional patch engine,open,"Not all rows are reproduced runtime bugs; matrix intentionally includes confirmed defects, hardening risks, and missing hostile/conformance proofs."
AHD-0120,Critical,High-confidence hardening risk,Prior audit normalized,Patch transactionality & treatment integrity,v11A Boundary Compiler / Treatment Integrity,crates/aidens-contracts/src/tool_artifacts.rs,Patch failure after partial write lacks a rollback/quarantine path.,"Risk that code changes are applied without atomicity, rollback, or semantic receipts.",local scan: patch_apply implementation at aidens-tool-kit/src/lib.rs:1198; patch term count 448,"Replace or constrain patch_apply; require transaction receipt, before/after digests, rollback/quarantine, and post-write verification.","Replace or constrain patch_apply; require transaction receipt, before/after digests, rollback/quarantine, and post-write verification.",Phase 04 transactional patch engine,open,"Not all rows are reproduced runtime bugs; matrix intentionally includes confirmed defects, hardening risks, and missing hostile/conformance proofs."
AHD-0124,Critical,Conformance/test gap,Prior audit normalized,Patch transactionality & treatment integrity,v11A Boundary Compiler / Treatment Integrity,crates/aidens-runner/src/lib.rs,"Rename, delete, mode-change, and binary-file semantics are not explicitly supported or rejected with receipts.","Risk that code changes are applied without atomicity, rollback, or semantic receipts.",local scan: patch_apply implementation at aidens-tool-kit/src/lib.rs:1198; patch term count 448,"Replace or constrain patch_apply; require transaction receipt, before/after digests, rollback/quarantine, and post-write verification.","Replace or constrain patch_apply; require transaction receipt, before/after digests, rollback/quarantine, and post-write verification.",Phase 04 transactional patch engine,open,"Not all rows are reproduced runtime bugs; matrix intentionally includes confirmed defects, hardening risks, and missing hostile/conformance proofs."
AHD-0128,Critical,Confirmed source pattern,Prior audit normalized,Patch transactionality & treatment integrity,v11A Boundary Compiler / Treatment Integrity,crates/aidens-tool-kit/src/lib.rs,Patch context is not enforced strongly enough to prove the intended treatment was applied. Scope variant 2: apply to crates/aidens-tool-kit/src/lib.rs and adjacent caller/callee surfaces.,"Risk that code changes are applied without atomicity, rollback, or semantic receipts.",local scan: patch_apply implementation at aidens-tool-kit/src/lib.rs:1198; patch term count 448,"Replace or constrain patch_apply; require transaction receipt, before/after digests, rollback/quarantine, and post-write verification.","Replace or constrain patch_apply; require transaction receipt, before/after digests, rollback/quarantine, and post-write verification.",Phase 04 transactional patch engine,open,"Not all rows are reproduced runtime bugs; matrix intentionally includes confirmed defects, hardening risks, and missing hostile/conformance proofs."
AHD-0132,Critical,High-confidence hardening risk,Prior audit normalized,Patch transactionality & treatment integrity,v11A Boundary Compiler / Treatment Integrity,crates/aidens-contracts/src/tool_artifacts.rs,Before/after file digests are not guaranteed as first-class treatment evidence for every apply path. Scope variant 2: apply to crates/aidens-contracts/src/tool_artifacts.rs and adjacent caller/callee surfaces.,"Risk that code changes are applied without atomicity, rollback, or semantic receipts.",local scan: patch_apply implementation at aidens-tool-kit/src/lib.rs:1198; patch term count 448,"Replace or constrain patch_apply; require transaction receipt, before/after digests, rollback/quarantine, and post-write verification.","Replace or constrain patch_apply; require transaction receipt, before/after digests, rollback/quarantine, and post-write verification.",Phase 04 transactional patch engine,open,"Not all rows are reproduced runtime bugs; matrix intentionally includes confirmed defects, hardening risks, and missing hostile/conformance proofs."
AHD-0136,Critical,Conformance/test gap,Prior audit normalized,Patch transactionality & treatment integrity,v11A Boundary Compiler / Treatment Integrity,crates/aidens-runner/src/lib.rs,Patch application is not a full unified-diff interpreter and can mislead users/tools expecting patch semantics. Scope variant 3: apply to crates/aidens-runner/src/lib.rs and adjacent caller/callee surfaces.,"Risk that code changes are applied without atomicity, rollback, or semantic receipts.",local scan: patch_apply implementation at aidens-tool-kit/src/lib.rs:1198; patch term count 448,"Replace or constrain patch_apply; require transaction receipt, before/after digests, rollback/quarantine, and post-write verification.","Replace or constrain patch_apply; require transaction receipt, before/after digests, rollback/quarantine, and post-write verification.",Phase 04 transactional patch engine,open,"Not all rows are reproduced runtime bugs; matrix intentionally includes confirmed defects, hardening risks, and missing hostile/conformance proofs."
AHD-0140,Critical,Confirmed source pattern,Prior audit normalized,Patch transactionality & treatment integrity,v11A Boundary Compiler / Treatment Integrity,crates/aidens-tool-kit/src/lib.rs,Patch failure after partial write lacks a rollback/quarantine path. Scope variant 3: apply to crates/aidens-tool-kit/src/lib.rs and adjacent caller/callee surfaces.,"Risk that code changes are applied without atomicity, rollback, or semantic receipts.",local scan: patch_apply implementation at aidens-tool-kit/src/lib.rs:1198; patch term count 448,"Replace or constrain patch_apply; require transaction receipt, before/after digests, rollback/quarantine, and post-write verification.","Replace or constrain patch_apply; require transaction receipt, before/after digests, rollback/quarantine, and post-write verification.",Phase 04 transactional patch engine,open,"Not all rows are reproduced runtime bugs; matrix intentionally includes confirmed defects, hardening risks, and missing hostile/conformance proofs."
AHD-0144,Critical,High-confidence hardening risk,Prior audit normalized,Patch transactionality & treatment integrity,v11A Boundary Compiler / Treatment Integrity,crates/aidens-contracts/src/tool_artifacts.rs,"Rename, delete, mode-change, and binary-file semantics are not explicitly supported or rejected with receipts. Scope variant 3: apply to crates/aidens-contracts/src/tool_artifacts.rs and adjacent caller/callee surfaces.","Risk that code changes are applied without atomicity, rollback, or semantic receipts.",local scan: patch_apply implementation at aidens-tool-kit/src/lib.rs:1198; patch term count 448,"Replace or constrain patch_apply; require transaction receipt, before/after digests, rollback/quarantine, and post-write verification.","Replace or constrain patch_apply; require transaction receipt, before/after digests, rollback/quarantine, and post-write verification.",Phase 04 transactional patch engine,open,"Not all rows are reproduced runtime bugs; matrix intentionally includes confirmed defects, hardening risks, and missing hostile/conformance proofs."
AHD-0148,Critical,Conformance/test gap,Prior audit normalized,Patch transactionality & treatment integrity,v11A Boundary Compiler / Treatment Integrity,crates/aidens-runner/src/lib.rs,Patch context is not enforced strongly enough to prove the intended treatment was applied. Scope variant 4: apply to crates/aidens-runner/src/lib.rs and adjacent caller/callee surfaces.,"Risk that code changes are applied without atomicity, rollback, or semantic receipts.",local scan: patch_apply implementation at aidens-tool-kit/src/lib.rs:1198; patch term count 448,"Replace or constrain patch_apply; require transaction receipt, before/after digests, rollback/quarantine, and post-write verification.","Replace or constrain patch_apply; require transaction receipt, before/after digests, rollback/quarantine, and post-write verification.",Phase 04 transactional patch engine,open,"Not all rows are reproduced runtime bugs; matrix intentionally includes confirmed defects, hardening risks, and missing hostile/conformance proofs."
AHD-0152,Critical,Confirmed source pattern,Prior audit normalized,Patch transactionality & treatment integrity,v11A Boundary Compiler / Treatment Integrity,crates/aidens-tool-kit/src/lib.rs,Before/after file digests are not guaranteed as first-class treatment evidence for every apply path. Scope variant 4: apply to crates/aidens-tool-kit/src/lib.rs and adjacent caller/callee surfaces.,"Risk that code changes are applied without atomicity, rollback, or semantic receipts.",local scan: patch_apply implementation at aidens-tool-kit/src/lib.rs:1198; patch term count 448,"Replace or constrain patch_apply; require transaction receipt, before/after digests, rollback/quarantine, and post-write verification.","Replace or constrain patch_apply; require transaction receipt, before/after digests, rollback/quarantine, and post-write verification.",Phase 04 transactional patch engine,open,"Not all rows are reproduced runtime bugs; matrix intentionally includes confirmed defects, hardening risks, and missing hostile/conformance proofs."
AHD-0156,Critical,High-confidence hardening risk,Prior audit normalized,Patch transactionality & treatment integrity,v11A Boundary Compiler / Treatment Integrity,crates/aidens-contracts/src/tool_artifacts.rs,Patch application is not a full unified-diff interpreter and can mislead users/tools expecting patch semantics. Scope variant 5: apply to crates/aidens-contracts/src/tool_artifacts.rs and adjacent caller/callee surfaces.,"Risk that code changes are applied without atomicity, rollback, or semantic receipts.",local scan: patch_apply implementation at aidens-tool-kit/src/lib.rs:1198; patch term count 448,"Replace or constrain patch_apply; require transaction receipt, before/after digests, rollback/quarantine, and post-write verification.","Replace or constrain patch_apply; require transaction receipt, before/after digests, rollback/quarantine, and post-write verification.",Phase 04 transactional patch engine,open,"Not all rows are reproduced runtime bugs; matrix intentionally includes confirmed defects, hardening risks, and missing hostile/conformance proofs."
AHD-0160,Critical,Conformance/test gap,Prior audit normalized,Patch transactionality & treatment integrity,v11A Boundary Compiler / Treatment Integrity,crates/aidens-runner/src/lib.rs,Patch failure after partial write lacks a rollback/quarantine path. Scope variant 5: apply to crates/aidens-runner/src/lib.rs and adjacent caller/callee surfaces.,"Risk that code changes are applied without atomicity, rollback, or semantic receipts.",local scan: patch_apply implementation at aidens-tool-kit/src/lib.rs:1198; patch term count 448,"Replace or constrain patch_apply; require transaction receipt, before/after digests, rollback/quarantine, and post-write verification.","Replace or constrain patch_apply; require transaction receipt, before/after digests, rollback/quarantine, and post-write verification.",Phase 04 transactional patch engine,open,"Not all rows are reproduced runtime bugs; matrix intentionally includes confirmed defects, hardening risks, and missing hostile/conformance proofs."
AHD-0164,Critical,Confirmed source pattern,Prior audit normalized,Patch transactionality & treatment integrity,v11A Boundary Compiler / Treatment Integrity,crates/aidens-tool-kit/src/lib.rs,"Rename, delete, mode-change, and binary-file semantics are not explicitly supported or rejected with receipts. Scope variant 5: apply to crates/aidens-tool-kit/src/lib.rs and adjacent caller/callee surfaces.","Risk that code changes are applied without atomicity, rollback, or semantic receipts.",local scan: patch_apply implementation at aidens-tool-kit/src/lib.rs:1198; patch term count 448,"Replace or constrain patch_apply; require transaction receipt, before/after digests, rollback/quarantine, and post-write verification.","Replace or constrain patch_apply; require transaction receipt, before/after digests, rollback/quarantine, and post-write verification.",Phase 04 transactional patch engine,open,"Not all rows are reproduced runtime bugs; matrix intentionally includes confirmed defects, hardening risks, and missing hostile/conformance proofs."
AHD-0168,Critical,High-confidence hardening risk,Prior audit normalized,Patch transactionality & treatment integrity,v11A Boundary Compiler / Treatment Integrity,crates/aidens-contracts/src/tool_artifacts.rs,Patch context is not enforced strongly enough to prove the intended treatment was applied. Scope variant 6: apply to crates/aidens-contracts/src/tool_artifacts.rs and adjacent caller/callee surfaces.,"Risk that code changes are applied without atomicity, rollback, or semantic receipts.",local scan: patch_apply implementation at aidens-tool-kit/src/lib.rs:1198; patch term count 448,"Replace or constrain patch_apply; require transaction receipt, before/after digests, rollback/quarantine, and post-write verification.","Replace or constrain patch_apply; require transaction receipt, before/after digests, rollback/quarantine, and post-write verification.",Phase 04 transactional patch engine,open,"Not all rows are reproduced runtime bugs; matrix intentionally includes confirmed defects, hardening risks, and missing hostile/conformance proofs."
AHD-0172,Critical,Conformance/test gap,Prior audit normalized,Patch transactionality & treatment integrity,v11A Boundary Compiler / Treatment Integrity,crates/aidens-runner/src/lib.rs,Before/after file digests are not guaranteed as first-class treatment evidence for every apply path. Scope variant 6: apply to crates/aidens-runner/src/lib.rs and adjacent caller/callee surfaces.,"Risk that code changes are applied without atomicity, rollback, or semantic receipts.",local scan: patch_apply implementation at aidens-tool-kit/src/lib.rs:1198; patch term count 448,"Replace or constrain patch_apply; require transaction receipt, before/after digests, rollback/quarantine, and post-write verification.","Replace or constrain patch_apply; require transaction receipt, before/after digests, rollback/quarantine, and post-write verification.",Phase 04 transactional patch engine,open,"Not all rows are reproduced runtime bugs; matrix intentionally includes confirmed defects, hardening risks, and missing hostile/conformance proofs."
AHD-0176,Critical,Confirmed source pattern,Prior audit normalized,Patch transactionality & treatment integrity,v11A Boundary Compiler / Treatment Integrity,crates/aidens-tool-kit/src/lib.rs,Patch application is not a full unified-diff interpreter and can mislead users/tools expecting patch semantics. Scope variant 7: apply to crates/aidens-tool-kit/src/lib.rs and adjacent caller/callee surfaces.,"Risk that code changes are applied without atomicity, rollback, or semantic receipts.",local scan: patch_apply implementation at aidens-tool-kit/src/lib.rs:1198; patch term count 448,"Replace or constrain patch_apply; require transaction receipt, before/after digests, rollback/quarantine, and post-write verification.","Replace or constrain patch_apply; require transaction receipt, before/after digests, rollback/quarantine, and post-write verification.",Phase 04 transactional patch engine,open,"Not all rows are reproduced runtime bugs; matrix intentionally includes confirmed defects, hardening risks, and missing hostile/conformance proofs."
AHD-0180,Critical,High-confidence hardening risk,Prior audit normalized,Patch transactionality & treatment integrity,v11A Boundary Compiler / Treatment Integrity,crates/aidens-contracts/src/tool_artifacts.rs,Patch failure after partial write lacks a rollback/quarantine path. Scope variant 7: apply to crates/aidens-contracts/src/tool_artifacts.rs and adjacent caller/callee surfaces.,"Risk that code changes are applied without atomicity, rollback, or semantic receipts.",local scan: patch_apply implementation at aidens-tool-kit/src/lib.rs:1198; patch term count 448,"Replace or constrain patch_apply; require transaction receipt, before/after digests, rollback/quarantine, and post-write verification.","Replace or constrain patch_apply; require transaction receipt, before/after digests, rollback/quarantine, and post-write verification.",Phase 04 transactional patch engine,open,"Not all rows are reproduced runtime bugs; matrix intentionally includes confirmed defects, hardening risks, and missing hostile/conformance proofs."
AHD-0184,Critical,Conformance/test gap,Prior audit normalized,Patch transactionality & treatment integrity,v11A Boundary Compiler / Treatment Integrity,crates/aidens-runner/src/lib.rs,"Rename, delete, mode-change, and binary-file semantics are not explicitly supported or rejected with receipts. Scope variant 7: apply to crates/aidens-runner/src/lib.rs and adjacent caller/callee surfaces.","Risk that code changes are applied without atomicity, rollback, or semantic receipts.",local scan: patch_apply implementation at aidens-tool-kit/src/lib.rs:1198; patch term count 448,"Replace or constrain patch_apply; require transaction receipt, before/after digests, rollback/quarantine, and post-write verification.","Replace or constrain patch_apply; require transaction receipt, before/after digests, rollback/quarantine, and post-write verification.",Phase 04 transactional patch engine,open,"Not all rows are reproduced runtime bugs; matrix intentionally includes confirmed defects, hardening risks, and missing hostile/conformance proofs."
AHD-0231,Critical,Confirmed source pattern,Prior audit normalized,Provider route & local/mocking honesty,v11A Execution Evidence / Support Profile,crates/aidens-provider-kit/src/lib.rs,"Local provider mode can map to mock behavior, creating support-profile dishonesty.","Risk that provider mode, provider route, and actual behavior disagree.",local scan: AgentProviderModeV1::Local maps to mock at aidens-runner/src/lib.rs:274,Make local/mock/Ollama/provider routes honest; prevent local=>mock fallback without explicit degradation and support-label change.,Make local/mock/Ollama/provider routes honest; prevent local=>mock fallback without explicit degradation and support-label change.,Phase 06 provider honesty,open,"Not all rows are reproduced runtime bugs; matrix intentionally includes confirmed defects, hardening risks, and missing hostile/conformance proofs."
AHD-0234,Critical,Confirmed source pattern,Prior audit normalized,Provider route & local/mocking honesty,v11A Execution Evidence / Support Profile,crates/aidens-provider-kit/src/lib.rs,Provider route fallback can change execution semantics without a strong rejected-alternatives receipt.,"Risk that provider mode, provider route, and actual behavior disagree.",local scan: Ollama provider surface in aidens-provider-kit/src/lib.rs:247-420,Make local/mock/Ollama/provider routes honest; prevent local=>mock fallback without explicit degradation and support-label change.,Make local/mock/Ollama/provider routes honest; prevent local=>mock fallback without explicit degradation and support-label change.,Phase 06 provider honesty,open,"Not all rows are reproduced runtime bugs; matrix intentionally includes confirmed defects, hardening risks, and missing hostile/conformance proofs."
AHD-0237,Critical,Confirmed source pattern,Prior audit normalized,Provider route & local/mocking honesty,v11A Execution Evidence / Support Profile,crates/aidens-provider-kit/src/lib.rs,Provider readiness is not always live capability truth.,"Risk that provider mode, provider route, and actual behavior disagree.",local scan: AgentProviderModeV1::Local maps to mock at aidens-runner/src/lib.rs:274,Make local/mock/Ollama/provider routes honest; prevent local=>mock fallback without explicit degradation and support-label change.,Make local/mock/Ollama/provider routes honest; prevent local=>mock fallback without explicit degradation and support-label change.,Phase 06 provider honesty,open,"Not all rows are reproduced runtime bugs; matrix intentionally includes confirmed defects, hardening risks, and missing hostile/conformance proofs."
AHD-0240,Critical,Confirmed source pattern,Prior audit normalized,Provider route & local/mocking honesty,v11A Execution Evidence / Support Profile,crates/aidens-provider-kit/src/lib.rs,Parser fallback for tool calls needs stronger disclosure than native tool-call paths.,"Risk that provider mode, provider route, and actual behavior disagree.",local scan: Ollama provider surface in aidens-provider-kit/src/lib.rs:247-420,Make local/mock/Ollama/provider routes honest; prevent local=>mock fallback without explicit degradation and support-label change.,Make local/mock/Ollama/provider routes honest; prevent local=>mock fallback without explicit degradation and support-label change.,Phase 06 provider honesty,open,"Not all rows are reproduced runtime bugs; matrix intentionally includes confirmed defects, hardening risks, and missing hostile/conformance proofs."
AHD-0243,Critical,Confirmed source pattern,Prior audit normalized,Provider route & local/mocking honesty,v11A Execution Evidence / Support Profile,crates/aidens-provider-kit/src/lib.rs,Ollama provider does not prove native tool schema/tool-result loop parity. Scope variant 2: apply to crates/aidens-provider-kit/src/lib.rs and adjacent caller/callee surfaces.,"Risk that provider mode, provider route, and actual behavior disagree.",local scan: AgentProviderModeV1::Local maps to mock at aidens-runner/src/lib.rs:274,Make local/mock/Ollama/provider routes honest; prevent local=>mock fallback without explicit degradation and support-label change.,Make local/mock/Ollama/provider routes honest; prevent local=>mock fallback without explicit degradation and support-label change.,Phase 06 provider honesty,open,"Not all rows are reproduced runtime bugs; matrix intentionally includes confirmed defects, hardening risks, and missing hostile/conformance proofs."
AHD-0246,Critical,Confirmed source pattern,Prior audit normalized,Provider route & local/mocking honesty,v11A Execution Evidence / Support Profile,crates/aidens-provider-kit/src/lib.rs,Provider timeout is not consistently derived from the run budget/deadline. Scope variant 2: apply to crates/aidens-provider-kit/src/lib.rs and adjacent caller/callee surfaces.,"Risk that provider mode, provider route, and actual behavior disagree.",local scan: Ollama provider surface in aidens-provider-kit/src/lib.rs:247-420,Make local/mock/Ollama/provider routes honest; prevent local=>mock fallback without explicit degradation and support-label change.,Make local/mock/Ollama/provider routes honest; prevent local=>mock fallback without explicit degradation and support-label change.,Phase 06 provider honesty,open,"Not all rows are reproduced runtime bugs; matrix intentionally includes confirmed defects, hardening risks, and missing hostile/conformance proofs."
AHD-0249,Critical,Confirmed source pattern,Prior audit normalized,Provider route & local/mocking honesty,v11A Execution Evidence / Support Profile,crates/aidens-provider-kit/src/lib.rs,Tool-output redaction/capping before model reinjection is not proven in every provider mode. Scope variant 2: apply to crates/aidens-provider-kit/src/lib.rs and adjacent caller/callee surfaces.,"Risk that provider mode, provider route, and actual behavior disagree.",local scan: AgentProviderModeV1::Local maps to mock at aidens-runner/src/lib.rs:274,Make local/mock/Ollama/provider routes honest; prevent local=>mock fallback without explicit degradation and support-label change.,Make local/mock/Ollama/provider routes honest; prevent local=>mock fallback without explicit degradation and support-label change.,Phase 06 provider honesty,open,"Not all rows are reproduced runtime bugs; matrix intentionally includes confirmed defects, hardening risks, and missing hostile/conformance proofs."
AHD-0252,Critical,Confirmed source pattern,Prior audit normalized,Provider route & local/mocking honesty,v11A Execution Evidence / Support Profile,crates/aidens-provider-kit/src/lib.rs,Mock provider paths can appear as successful runs without sufficiently sharp exactness/degradation labeling. Scope variant 3: apply to crates/aidens-provider-kit/src/lib.rs and adjacent caller/callee surfaces.,"Risk that provider mode, provider route, and actual behavior disagree.",local scan: Ollama provider surface in aidens-provider-kit/src/lib.rs:247-420,Make local/mock/Ollama/provider routes honest; prevent local=>mock fallback without explicit degradation and support-label change.,Make local/mock/Ollama/provider routes honest; prevent local=>mock fallback without explicit degradation and support-label change.,Phase 06 provider honesty,open,"Not all rows are reproduced runtime bugs; matrix intentionally includes confirmed defects, hardening risks, and missing hostile/conformance proofs."
AHD-0255,Critical,Confirmed source pattern,Prior audit normalized,Provider route & local/mocking honesty,v11A Execution Evidence / Support Profile,crates/aidens-provider-kit/src/lib.rs,Provider endpoint policy does not prove local-only network behavior for local providers. Scope variant 3: apply to crates/aidens-provider-kit/src/lib.rs and adjacent caller/callee surfaces.,"Risk that provider mode, provider route, and actual behavior disagree.",local scan: AgentProviderModeV1::Local maps to mock at aidens-runner/src/lib.rs:274,Make local/mock/Ollama/provider routes honest; prevent local=>mock fallback without explicit degradation and support-label change.,Make local/mock/Ollama/provider routes honest; prevent local=>mock fallback without explicit degradation and support-label change.,Phase 06 provider honesty,open,"Not all rows are reproduced runtime bugs; matrix intentionally includes confirmed defects, hardening risks, and missing hostile/conformance proofs."
AHD-0258,Critical,Confirmed source pattern,Prior audit normalized,Provider route & local/mocking honesty,v11A Execution Evidence / Support Profile,crates/aidens-provider-kit/src/lib.rs,Provider model/version/digest fingerprint is insufficient for replay-grade receipts. Scope variant 3: apply to crates/aidens-provider-kit/src/lib.rs and adjacent caller/callee surfaces.,"Risk that provider mode, provider route, and actual behavior disagree.",local scan: Ollama provider surface in aidens-provider-kit/src/lib.rs:247-420,Make local/mock/Ollama/provider routes honest; prevent local=>mock fallback without explicit degradation and support-label change.,Make local/mock/Ollama/provider routes honest; prevent local=>mock fallback without explicit degradation and support-label change.,Phase 06 provider honesty,open,"Not all rows are reproduced runtime bugs; matrix intentionally includes confirmed defects, hardening risks, and missing hostile/conformance proofs."
AHD-0261,Critical,Confirmed source pattern,Prior audit normalized,Provider route & local/mocking honesty,v11A Execution Evidence / Support Profile,crates/aidens-provider-kit/src/lib.rs,"Local provider mode can map to mock behavior, creating support-profile dishonesty. Scope variant 4: apply to crates/aidens-provider-kit/src/lib.rs and adjacent caller/callee surfaces.","Risk that provider mode, provider route, and actual behavior disagree.",local scan: AgentProviderModeV1::Local maps to mock at aidens-runner/src/lib.rs:274,Make local/mock/Ollama/provider routes honest; prevent local=>mock fallback without explicit degradation and support-label change.,Make local/mock/Ollama/provider routes honest; prevent local=>mock fallback without explicit degradation and support-label change.,Phase 06 provider honesty,open,"Not all rows are reproduced runtime bugs; matrix intentionally includes confirmed defects, hardening risks, and missing hostile/conformance proofs."
AHD-0264,Critical,Confirmed source pattern,Prior audit normalized,Provider route & local/mocking honesty,v11A Execution Evidence / Support Profile,crates/aidens-provider-kit/src/lib.rs,Provider route fallback can change execution semantics without a strong rejected-alternatives receipt. Scope variant 4: apply to crates/aidens-provider-kit/src/lib.rs and adjacent caller/callee surfaces.,"Risk that provider mode, provider route, and actual behavior disagree.",local scan: Ollama provider surface in aidens-provider-kit/src/lib.rs:247-420,Make local/mock/Ollama/provider routes honest; prevent local=>mock fallback without explicit degradation and support-label change.,Make local/mock/Ollama/provider routes honest; prevent local=>mock fallback without explicit degradation and support-label change.,Phase 06 provider honesty,open,"Not all rows are reproduced runtime bugs; matrix intentionally includes confirmed defects, hardening risks, and missing hostile/conformance proofs."
AHD-0267,Critical,Confirmed source pattern,Prior audit normalized,Provider route & local/mocking honesty,v11A Execution Evidence / Support Profile,crates/aidens-provider-kit/src/lib.rs,Provider readiness is not always live capability truth. Scope variant 4: apply to crates/aidens-provider-kit/src/lib.rs and adjacent caller/callee surfaces.,"Risk that provider mode, provider route, and actual behavior disagree.",local scan: AgentProviderModeV1::Local maps to mock at aidens-runner/src/lib.rs:274,Make local/mock/Ollama/provider routes honest; prevent local=>mock fallback without explicit degradation and support-label change.,Make local/mock/Ollama/provider routes honest; prevent local=>mock fallback without explicit degradation and support-label change.,Phase 06 provider honesty,open,"Not all rows are reproduced runtime bugs; matrix intentionally includes confirmed defects, hardening risks, and missing hostile/conformance proofs."
AHD-0270,Critical,Confirmed source pattern,Prior audit normalized,Provider route & local/mocking honesty,v11A Execution Evidence / Support Profile,crates/aidens-provider-kit/src/lib.rs,Parser fallback for tool calls needs stronger disclosure than native tool-call paths. Scope variant 4: apply to crates/aidens-provider-kit/src/lib.rs and adjacent caller/callee surfaces.,"Risk that provider mode, provider route, and actual behavior disagree.",local scan: Ollama provider surface in aidens-provider-kit/src/lib.rs:247-420,Make local/mock/Ollama/provider routes honest; prevent local=>mock fallback without explicit degradation and support-label change.,Make local/mock/Ollama/provider routes honest; prevent local=>mock fallback without explicit degradation and support-label change.,Phase 06 provider honesty,open,"Not all rows are reproduced runtime bugs; matrix intentionally includes confirmed defects, hardening risks, and missing hostile/conformance proofs."
AHD-0273,Critical,Confirmed source pattern,Prior audit normalized,Provider route & local/mocking honesty,v11A Execution Evidence / Support Profile,crates/aidens-provider-kit/src/lib.rs,Ollama provider does not prove native tool schema/tool-result loop parity. Scope variant 5: apply to crates/aidens-provider-kit/src/lib.rs and adjacent caller/callee surfaces.,"Risk that provider mode, provider route, and actual behavior disagree.",local scan: AgentProviderModeV1::Local maps to mock at aidens-runner/src/lib.rs:274,Make local/mock/Ollama/provider routes honest; prevent local=>mock fallback without explicit degradation and support-label change.,Make local/mock/Ollama/provider routes honest; prevent local=>mock fallback without explicit degradation and support-label change.,Phase 06 provider honesty,open,"Not all rows are reproduced runtime bugs; matrix intentionally includes confirmed defects, hardening risks, and missing hostile/conformance proofs."
AHD-0276,Critical,Confirmed source pattern,Prior audit normalized,Provider route & local/mocking honesty,v11A Execution Evidence / Support Profile,crates/aidens-provider-kit/src/lib.rs,Provider timeout is not consistently derived from the run budget/deadline. Scope variant 5: apply to crates/aidens-provider-kit/src/lib.rs and adjacent caller/callee surfaces.,"Risk that provider mode, provider route, and actual behavior disagree.",local scan: Ollama provider surface in aidens-provider-kit/src/lib.rs:247-420,Make local/mock/Ollama/provider routes honest; prevent local=>mock fallback without explicit degradation and support-label change.,Make local/mock/Ollama/provider routes honest; prevent local=>mock fallback without explicit degradation and support-label change.,Phase 06 provider honesty,open,"Not all rows are reproduced runtime bugs; matrix intentionally includes confirmed defects, hardening risks, and missing hostile/conformance proofs."
AHD-0279,Critical,Confirmed source pattern,Prior audit normalized,Provider route & local/mocking honesty,v11A Execution Evidence / Support Profile,crates/aidens-provider-kit/src/lib.rs,Tool-output redaction/capping before model reinjection is not proven in every provider mode. Scope variant 5: apply to crates/aidens-provider-kit/src/lib.rs and adjacent caller/callee surfaces.,"Risk that provider mode, provider route, and actual behavior disagree.",local scan: AgentProviderModeV1::Local maps to mock at aidens-runner/src/lib.rs:274,Make local/mock/Ollama/provider routes honest; prevent local=>mock fallback without explicit degradation and support-label change.,Make local/mock/Ollama/provider routes honest; prevent local=>mock fallback without explicit degradation and support-label change.,Phase 06 provider honesty,open,"Not all rows are reproduced runtime bugs; matrix intentionally includes confirmed defects, hardening risks, and missing hostile/conformance proofs."
AHD-0282,Critical,Confirmed source pattern,Prior audit normalized,Provider route & local/mocking honesty,v11A Execution Evidence / Support Profile,crates/aidens-provider-kit/src/lib.rs,Mock provider paths can appear as successful runs without sufficiently sharp exactness/degradation labeling. Scope variant 6: apply to crates/aidens-provider-kit/src/lib.rs and adjacent caller/callee surfaces.,"Risk that provider mode, provider route, and actual behavior disagree.",local scan: Ollama provider surface in aidens-provider-kit/src/lib.rs:247-420,Make local/mock/Ollama/provider routes honest; prevent local=>mock fallback without explicit degradation and support-label change.,Make local/mock/Ollama/provider routes honest; prevent local=>mock fallback without explicit degradation and support-label change.,Phase 06 provider honesty,open,"Not all rows are reproduced runtime bugs; matrix intentionally includes confirmed defects, hardening risks, and missing hostile/conformance proofs."
AHD-0285,Critical,Confirmed source pattern,Prior audit normalized,Provider route & local/mocking honesty,v11A Execution Evidence / Support Profile,crates/aidens-provider-kit/src/lib.rs,Provider endpoint policy does not prove local-only network behavior for local providers. Scope variant 6: apply to crates/aidens-provider-kit/src/lib.rs and adjacent caller/callee surfaces.,"Risk that provider mode, provider route, and actual behavior disagree.",local scan: AgentProviderModeV1::Local maps to mock at aidens-runner/src/lib.rs:274,Make local/mock/Ollama/provider routes honest; prevent local=>mock fallback without explicit degradation and support-label change.,Make local/mock/Ollama/provider routes honest; prevent local=>mock fallback without explicit degradation and support-label change.,Phase 06 provider honesty,open,"Not all rows are reproduced runtime bugs; matrix intentionally includes confirmed defects, hardening risks, and missing hostile/conformance proofs."
AHD-0286,Critical,Confirmed source pattern,Prior audit normalized,"Receipts, event logs, durability & replay",v11A Execution Evidence / Artifact Lifecycle,crates/aidens-receipts/src/lib.rs,Receipt/event append path is not proven single-writer or file-lock protected.,"Risk that receipts are not durable, ordered, tamper-evident, or replay-linked.",local scan: OpenOptions append in aidens-receipts/src/lib.rs:266/524/602/620,"Introduce file locking/single-writer logs, atomic writes, fsync, hash-chain verification, corruption quarantine, and no done without receipts.","Introduce file locking/single-writer logs, atomic writes, fsync, hash-chain verification, corruption quarantine, and no done without receipts.",Phase 01 receipt/log durability,open,"Not all rows are reproduced runtime bugs; matrix intentionally includes confirmed defects, hardening risks, and missing hostile/conformance proofs."
AHD-0290,Critical,High-confidence hardening risk,Prior audit normalized,"Receipts, event logs, durability & replay",v11A Execution Evidence / Artifact Lifecycle,crates/aidens-runner/src/lib.rs,Receipt inspection does not prove duplicate IDs are impossible or corruption-blocking.,"Risk that receipts are not durable, ordered, tamper-evident, or replay-linked.",local scan: OpenOptions append in aidens-receipts/src/lib.rs:266/524/602/620,"Introduce file locking/single-writer logs, atomic writes, fsync, hash-chain verification, corruption quarantine, and no done without receipts.","Introduce file locking/single-writer logs, atomic writes, fsync, hash-chain verification, corruption quarantine, and no done without receipts.",Phase 01 receipt/log durability,open,"Not all rows are reproduced runtime bugs; matrix intentionally includes confirmed defects, hardening risks, and missing hostile/conformance proofs."
AHD-0294,Critical,Conformance/test gap,Prior audit normalized,"Receipts, event logs, durability & replay",v11A Execution Evidence / Artifact Lifecycle,crates/aidens-cli/src/agent.rs,Material done state can be emitted before proof/degradation/receipt surfaces are complete.,"Risk that receipts are not durable, ordered, tamper-evident, or replay-linked.",local scan: OpenOptions append in aidens-receipts/src/lib.rs:266/524/602/620,"Introduce file locking/single-writer logs, atomic writes, fsync, hash-chain verification, corruption quarantine, and no done without receipts.","Introduce file locking/single-writer logs, atomic writes, fsync, hash-chain verification, corruption quarantine, and no done without receipts.",Phase 01 receipt/log durability,open,"Not all rows are reproduced runtime bugs; matrix intentionally includes confirmed defects, hardening risks, and missing hostile/conformance proofs."
AHD-0298,Critical,Confirmed source pattern,Prior audit normalized,"Receipts, event logs, durability & replay",v11A Execution Evidence / Artifact Lifecycle,crates/aidens-receipts/src/lib.rs,Direct file writes can create visible artifacts before all receipt records exist. Scope variant 2: apply to crates/aidens-receipts/src/lib.rs and adjacent caller/callee surfaces.,"Risk that receipts are not durable, ordered, tamper-evident, or replay-linked.",local scan: OpenOptions append in aidens-receipts/src/lib.rs:266/524/602/620,"Introduce file locking/single-writer logs, atomic writes, fsync, hash-chain verification, corruption quarantine, and no done without receipts.","Introduce file locking/single-writer logs, atomic writes, fsync, hash-chain verification, corruption quarantine, and no done without receipts.",Phase 01 receipt/log durability,open,"Not all rows are reproduced runtime bugs; matrix intentionally includes confirmed defects, hardening risks, and missing hostile/conformance proofs."
AHD-0302,Critical,High-confidence hardening risk,Prior audit normalized,"Receipts, event logs, durability & replay",v11A Execution Evidence / Artifact Lifecycle,crates/aidens-runner/src/lib.rs,Canonical event log durability lacks explicit fsync and crash-consistency guarantees. Scope variant 2: apply to crates/aidens-runner/src/lib.rs and adjacent caller/callee surfaces.,"Risk that receipts are not durable, ordered, tamper-evident, or replay-linked.",local scan: OpenOptions append in aidens-receipts/src/lib.rs:266/524/602/620,"Introduce file locking/single-writer logs, atomic writes, fsync, hash-chain verification, corruption quarantine, and no done without receipts.","Introduce file locking/single-writer logs, atomic writes, fsync, hash-chain verification, corruption quarantine, and no done without receipts.",Phase 01 receipt/log durability,open,"Not all rows are reproduced runtime bugs; matrix intentionally includes confirmed defects, hardening risks, and missing hostile/conformance proofs."
AHD-0306,Critical,Conformance/test gap,Prior audit normalized,"Receipts, event logs, durability & replay",v11A Execution Evidence / Artifact Lifecycle,crates/aidens-cli/src/agent.rs,Receipt/event append path is not proven single-writer or file-lock protected. Scope variant 3: apply to crates/aidens-cli/src/agent.rs and adjacent caller/callee surfaces.,"Risk that receipts are not durable, ordered, tamper-evident, or replay-linked.",local scan: OpenOptions append in aidens-receipts/src/lib.rs:266/524/602/620,"Introduce file locking/single-writer logs, atomic writes, fsync, hash-chain verification, corruption quarantine, and no done without receipts.","Introduce file locking/single-writer logs, atomic writes, fsync, hash-chain verification, corruption quarantine, and no done without receipts.",Phase 01 receipt/log durability,open,"Not all rows are reproduced runtime bugs; matrix intentionally includes confirmed defects, hardening risks, and missing hostile/conformance proofs."
AHD-0310,Critical,Confirmed source pattern,Prior audit normalized,"Receipts, event logs, durability & replay",v11A Execution Evidence / Artifact Lifecycle,crates/aidens-receipts/src/lib.rs,Receipt inspection does not prove duplicate IDs are impossible or corruption-blocking. Scope variant 3: apply to crates/aidens-receipts/src/lib.rs and adjacent caller/callee surfaces.,"Risk that receipts are not durable, ordered, tamper-evident, or replay-linked.",local scan: OpenOptions append in aidens-receipts/src/lib.rs:266/524/602/620,"Introduce file locking/single-writer logs, atomic writes, fsync, hash-chain verification, corruption quarantine, and no done without receipts.","Introduce file locking/single-writer logs, atomic writes, fsync, hash-chain verification, corruption quarantine, and no done without receipts.",Phase 01 receipt/log durability,open,"Not all rows are reproduced runtime bugs; matrix intentionally includes confirmed defects, hardening risks, and missing hostile/conformance proofs."
AHD-0314,Critical,High-confidence hardening risk,Prior audit normalized,"Receipts, event logs, durability & replay",v11A Execution Evidence / Artifact Lifecycle,crates/aidens-runner/src/lib.rs,Material done state can be emitted before proof/degradation/receipt surfaces are complete. Scope variant 3: apply to crates/aidens-runner/src/lib.rs and adjacent caller/callee surfaces.,"Risk that receipts are not durable, ordered, tamper-evident, or replay-linked.",local scan: OpenOptions append in aidens-receipts/src/lib.rs:266/524/602/620,"Introduce file locking/single-writer logs, atomic writes, fsync, hash-chain verification, corruption quarantine, and no done without receipts.","Introduce file locking/single-writer logs, atomic writes, fsync, hash-chain verification, corruption quarantine, and no done without receipts.",Phase 01 receipt/log durability,open,"Not all rows are reproduced runtime bugs; matrix intentionally includes confirmed defects, hardening risks, and missing hostile/conformance proofs."
AHD-0318,Critical,Conformance/test gap,Prior audit normalized,"Receipts, event logs, durability & replay",v11A Execution Evidence / Artifact Lifecycle,crates/aidens-cli/src/agent.rs,Direct file writes can create visible artifacts before all receipt records exist. Scope variant 4: apply to crates/aidens-cli/src/agent.rs and adjacent caller/callee surfaces.,"Risk that receipts are not durable, ordered, tamper-evident, or replay-linked.",local scan: OpenOptions append in aidens-receipts/src/lib.rs:266/524/602/620,"Introduce file locking/single-writer logs, atomic writes, fsync, hash-chain verification, corruption quarantine, and no done without receipts.","Introduce file locking/single-writer logs, atomic writes, fsync, hash-chain verification, corruption quarantine, and no done without receipts.",Phase 01 receipt/log durability,open,"Not all rows are reproduced runtime bugs; matrix intentionally includes confirmed defects, hardening risks, and missing hostile/conformance proofs."
AHD-0322,Critical,Confirmed source pattern,Prior audit normalized,"Receipts, event logs, durability & replay",v11A Execution Evidence / Artifact Lifecycle,crates/aidens-receipts/src/lib.rs,Canonical event log durability lacks explicit fsync and crash-consistency guarantees. Scope variant 4: apply to crates/aidens-receipts/src/lib.rs and adjacent caller/callee surfaces.,"Risk that receipts are not durable, ordered, tamper-evident, or replay-linked.",local scan: OpenOptions append in aidens-receipts/src/lib.rs:266/524/602/620,"Introduce file locking/single-writer logs, atomic writes, fsync, hash-chain verification, corruption quarantine, and no done without receipts.","Introduce file locking/single-writer logs, atomic writes, fsync, hash-chain verification, corruption quarantine, and no done without receipts.",Phase 01 receipt/log durability,open,"Not all rows are reproduced runtime bugs; matrix intentionally includes confirmed defects, hardening risks, and missing hostile/conformance proofs."
AHD-0326,Critical,High-confidence hardening risk,Prior audit normalized,"Receipts, event logs, durability & replay",v11A Execution Evidence / Artifact Lifecycle,crates/aidens-runner/src/lib.rs,Receipt/event append path is not proven single-writer or file-lock protected. Scope variant 5: apply to crates/aidens-runner/src/lib.rs and adjacent caller/callee surfaces.,"Risk that receipts are not durable, ordered, tamper-evident, or replay-linked.",local scan: OpenOptions append in aidens-receipts/src/lib.rs:266/524/602/620,"Introduce file locking/single-writer logs, atomic writes, fsync, hash-chain verification, corruption quarantine, and no done without receipts.","Introduce file locking/single-writer logs, atomic writes, fsync, hash-chain verification, corruption quarantine, and no done without receipts.",Phase 01 receipt/log durability,open,"Not all rows are reproduced runtime bugs; matrix intentionally includes confirmed defects, hardening risks, and missing hostile/conformance proofs."
AHD-0330,Critical,Conformance/test gap,Prior audit normalized,"Receipts, event logs, durability & replay",v11A Execution Evidence / Artifact Lifecycle,crates/aidens-cli/src/agent.rs,Receipt inspection does not prove duplicate IDs are impossible or corruption-blocking. Scope variant 5: apply to crates/aidens-cli/src/agent.rs and adjacent caller/callee surfaces.,"Risk that receipts are not durable, ordered, tamper-evident, or replay-linked.",local scan: OpenOptions append in aidens-receipts/src/lib.rs:266/524/602/620,"Introduce file locking/single-writer logs, atomic writes, fsync, hash-chain verification, corruption quarantine, and no done without receipts.","Introduce file locking/single-writer logs, atomic writes, fsync, hash-chain verification, corruption quarantine, and no done without receipts.",Phase 01 receipt/log durability,open,"Not all rows are reproduced runtime bugs; matrix intentionally includes confirmed defects, hardening risks, and missing hostile/conformance proofs."
AHD-0334,Critical,Confirmed source pattern,Prior audit normalized,"Receipts, event logs, durability & replay",v11A Execution Evidence / Artifact Lifecycle,crates/aidens-receipts/src/lib.rs,Material done state can be emitted before proof/degradation/receipt surfaces are complete. Scope variant 5: apply to crates/aidens-receipts/src/lib.rs and adjacent caller/callee surfaces.,"Risk that receipts are not durable, ordered, tamper-evident, or replay-linked.",local scan: OpenOptions append in aidens-receipts/src/lib.rs:266/524/602/620,"Introduce file locking/single-writer logs, atomic writes, fsync, hash-chain verification, corruption quarantine, and no done without receipts.","Introduce file locking/single-writer logs, atomic writes, fsync, hash-chain verification, corruption quarantine, and no done without receipts.",Phase 01 receipt/log durability,open,"Not all rows are reproduced runtime bugs; matrix intentionally includes confirmed defects, hardening risks, and missing hostile/conformance proofs."
AHD-0338,Critical,High-confidence hardening risk,Prior audit normalized,"Receipts, event logs, durability & replay",v11A Execution Evidence / Artifact Lifecycle,crates/aidens-runner/src/lib.rs,Direct file writes can create visible artifacts before all receipt records exist. Scope variant 6: apply to crates/aidens-runner/src/lib.rs and adjacent caller/callee surfaces.,"Risk that receipts are not durable, ordered, tamper-evident, or replay-linked.",local scan: OpenOptions append in aidens-receipts/src/lib.rs:266/524/602/620,"Introduce file locking/single-writer logs, atomic writes, fsync, hash-chain verification, corruption quarantine, and no done without receipts.","Introduce file locking/single-writer logs, atomic writes, fsync, hash-chain verification, corruption quarantine, and no done without receipts.",Phase 01 receipt/log durability,open,"Not all rows are reproduced runtime bugs; matrix intentionally includes confirmed defects, hardening risks, and missing hostile/conformance proofs."
AHD-0342,Critical,Conformance/test gap,Prior audit normalized,"Receipts, event logs, durability & replay",v11A Execution Evidence / Artifact Lifecycle,crates/aidens-cli/src/agent.rs,Canonical event log durability lacks explicit fsync and crash-consistency guarantees. Scope variant 6: apply to crates/aidens-cli/src/agent.rs and adjacent caller/callee surfaces.,"Risk that receipts are not durable, ordered, tamper-evident, or replay-linked.",local scan: OpenOptions append in aidens-receipts/src/lib.rs:266/524/602/620,"Introduce file locking/single-writer logs, atomic writes, fsync, hash-chain verification, corruption quarantine, and no done without receipts.","Introduce file locking/single-writer logs, atomic writes, fsync, hash-chain verification, corruption quarantine, and no done without receipts.",Phase 01 receipt/log durability,open,"Not all rows are reproduced runtime bugs; matrix intentionally includes confirmed defects, hardening risks, and missing hostile/conformance proofs."
AHD-0346,Critical,Confirmed source pattern,Prior audit normalized,"Receipts, event logs, durability & replay",v11A Execution Evidence / Artifact Lifecycle,crates/aidens-receipts/src/lib.rs,Receipt/event append path is not proven single-writer or file-lock protected. Scope variant 7: apply to crates/aidens-receipts/src/lib.rs and adjacent caller/callee surfaces.,"Risk that receipts are not durable, ordered, tamper-evident, or replay-linked.",local scan: OpenOptions append in aidens-receipts/src/lib.rs:266/524/602/620,"Introduce file locking/single-writer logs, atomic writes, fsync, hash-chain verification, corruption quarantine, and no done without receipts.","Introduce file locking/single-writer logs, atomic writes, fsync, hash-chain verification, corruption quarantine, and no done without receipts.",Phase 01 receipt/log durability,open,"Not all rows are reproduced runtime bugs; matrix intentionally includes confirmed defects, hardening risks, and missing hostile/conformance proofs."
AHD-0350,Critical,High-confidence hardening risk,Prior audit normalized,"Receipts, event logs, durability & replay",v11A Execution Evidence / Artifact Lifecycle,crates/aidens-runner/src/lib.rs,Receipt inspection does not prove duplicate IDs are impossible or corruption-blocking. Scope variant 7: apply to crates/aidens-runner/src/lib.rs and adjacent caller/callee surfaces.,"Risk that receipts are not durable, ordered, tamper-evident, or replay-linked.",local scan: OpenOptions append in aidens-receipts/src/lib.rs:266/524/602/620,"Introduce file locking/single-writer logs, atomic writes, fsync, hash-chain verification, corruption quarantine, and no done without receipts.","Introduce file locking/single-writer logs, atomic writes, fsync, hash-chain verification, corruption quarantine, and no done without receipts.",Phase 01 receipt/log durability,open,"Not all rows are reproduced runtime bugs; matrix intentionally includes confirmed defects, hardening risks, and missing hostile/conformance proofs."
AHD-0354,Critical,Conformance/test gap,Prior audit normalized,"Receipts, event logs, durability & replay",v11A Execution Evidence / Artifact Lifecycle,crates/aidens-cli/src/agent.rs,Material done state can be emitted before proof/degradation/receipt surfaces are complete. Scope variant 7: apply to crates/aidens-cli/src/agent.rs and adjacent caller/callee surfaces.,"Risk that receipts are not durable, ordered, tamper-evident, or replay-linked.",local scan: OpenOptions append in aidens-receipts/src/lib.rs:266/524/602/620,"Introduce file locking/single-writer logs, atomic writes, fsync, hash-chain verification, corruption quarantine, and no done without receipts.","Introduce file locking/single-writer logs, atomic writes, fsync, hash-chain verification, corruption quarantine, and no done without receipts.",Phase 01 receipt/log durability,open,"Not all rows are reproduced runtime bugs; matrix intentionally includes confirmed defects, hardening risks, and missing hostile/conformance proofs."
AHD-0358,Critical,Confirmed source pattern,Prior audit normalized,"Receipts, event logs, durability & replay",v11A Execution Evidence / Artifact Lifecycle,crates/aidens-receipts/src/lib.rs,Direct file writes can create visible artifacts before all receipt records exist. Scope variant 8: apply to crates/aidens-receipts/src/lib.rs and adjacent caller/callee surfaces.,"Risk that receipts are not durable, ordered, tamper-evident, or replay-linked.",local scan: OpenOptions append in aidens-receipts/src/lib.rs:266/524/602/620,"Introduce file locking/single-writer logs, atomic writes, fsync, hash-chain verification, corruption quarantine, and no done without receipts.","Introduce file locking/single-writer logs, atomic writes, fsync, hash-chain verification, corruption quarantine, and no done without receipts.",Phase 01 receipt/log durability,open,"Not all rows are reproduced runtime bugs; matrix intentionally includes confirmed defects, hardening risks, and missing hostile/conformance proofs."
AHD-0361,Critical,Confirmed source pattern,Prior audit normalized,"Queue, scheduler, daemon & concurrency",v11A Execution Evidence / v11B Region Scheduling,crates/aidens-queue-kit/src/lib.rs,Queue append computes sequence from snapshot state and can race under concurrent writers.,Risk that queue/lease/scheduler behavior races or loses lineage.,local scan: append_record in aidens-queue-kit/src/lib.rs:564; OpenOptions at 570/624,"Make queue append/lease/complete atomic with leases, locks, hop receipts, idempotency proofs, and safe-mode quarantine.","Make queue append/lease/complete atomic with leases, locks, hop receipts, idempotency proofs, and safe-mode quarantine.",Phase 07 queue/daemon concurrency,open,"Not all rows are reproduced runtime bugs; matrix intentionally includes confirmed defects, hardening risks, and missing hostile/conformance proofs."
AHD-0365,Critical,High-confidence hardening risk,Prior audit normalized,"Queue, scheduler, daemon & concurrency",v11A Execution Evidence / v11B Region Scheduling,crates/aidens-daemon-kit/src/lib.rs,Lease expiry and late completion need adversarial fixtures.,Risk that queue/lease/scheduler behavior races or loses lineage.,local scan: append_record in aidens-queue-kit/src/lib.rs:564; OpenOptions at 570/624,"Make queue append/lease/complete atomic with leases, locks, hop receipts, idempotency proofs, and safe-mode quarantine.","Make queue append/lease/complete atomic with leases, locks, hop receipts, idempotency proofs, and safe-mode quarantine.",Phase 07 queue/daemon concurrency,open,"Not all rows are reproduced runtime bugs; matrix intentionally includes confirmed defects, hardening risks, and missing hostile/conformance proofs."
AHD-0369,Critical,Conformance/test gap,Prior audit normalized,"Queue, scheduler, daemon & concurrency",v11A Execution Evidence / v11B Region Scheduling,crates/aidens-contracts/src/daemon_queue.rs,Queue snapshots read entire logs and have scaling/poison risks.,Risk that queue/lease/scheduler behavior races or loses lineage.,local scan: append_record in aidens-queue-kit/src/lib.rs:564; OpenOptions at 570/624,"Make queue append/lease/complete atomic with leases, locks, hop receipts, idempotency proofs, and safe-mode quarantine.","Make queue append/lease/complete atomic with leases, locks, hop receipts, idempotency proofs, and safe-mode quarantine.",Phase 07 queue/daemon concurrency,open,"Not all rows are reproduced runtime bugs; matrix intentionally includes confirmed defects, hardening risks, and missing hostile/conformance proofs."
AHD-0373,Critical,Confirmed source pattern,Prior audit normalized,"Queue, scheduler, daemon & concurrency",v11A Execution Evidence / v11B Region Scheduling,crates/aidens-queue-kit/src/lib.rs,Lease acquisition is snapshot-plus-append and can double-lease jobs. Scope variant 2: apply to crates/aidens-queue-kit/src/lib.rs and adjacent caller/callee surfaces.,Risk that queue/lease/scheduler behavior races or loses lineage.,local scan: append_record in aidens-queue-kit/src/lib.rs:564; OpenOptions at 570/624,"Make queue append/lease/complete atomic with leases, locks, hop receipts, idempotency proofs, and safe-mode quarantine.","Make queue append/lease/complete atomic with leases, locks, hop receipts, idempotency proofs, and safe-mode quarantine.",Phase 07 queue/daemon concurrency,open,"Not all rows are reproduced runtime bugs; matrix intentionally includes confirmed defects, hardening risks, and missing hostile/conformance proofs."
AHD-0377,Critical,High-confidence hardening risk,Prior audit normalized,"Queue, scheduler, daemon & concurrency",v11A Execution Evidence / v11B Region Scheduling,crates/aidens-daemon-kit/src/lib.rs,Queue owner identity is string-based rather than permit/attestation-bound. Scope variant 2: apply to crates/aidens-daemon-kit/src/lib.rs and adjacent caller/callee surfaces.,Risk that queue/lease/scheduler behavior races or loses lineage.,local scan: append_record in aidens-queue-kit/src/lib.rs:564; OpenOptions at 570/624,"Make queue append/lease/complete atomic with leases, locks, hop receipts, idempotency proofs, and safe-mode quarantine.","Make queue append/lease/complete atomic with leases, locks, hop receipts, idempotency proofs, and safe-mode quarantine.",Phase 07 queue/daemon concurrency,open,"Not all rows are reproduced runtime bugs; matrix intentionally includes confirmed defects, hardening risks, and missing hostile/conformance proofs."
AHD-0381,Critical,Conformance/test gap,Prior audit normalized,"Queue, scheduler, daemon & concurrency",v11A Execution Evidence / v11B Region Scheduling,crates/aidens-contracts/src/daemon_queue.rs,Queue append computes sequence from snapshot state and can race under concurrent writers. Scope variant 3: apply to crates/aidens-contracts/src/daemon_queue.rs and adjacent caller/callee surfaces.,Risk that queue/lease/scheduler behavior races or loses lineage.,local scan: append_record in aidens-queue-kit/src/lib.rs:564; OpenOptions at 570/624,"Make queue append/lease/complete atomic with leases, locks, hop receipts, idempotency proofs, and safe-mode quarantine.","Make queue append/lease/complete atomic with leases, locks, hop receipts, idempotency proofs, and safe-mode quarantine.",Phase 07 queue/daemon concurrency,open,"Not all rows are reproduced runtime bugs; matrix intentionally includes confirmed defects, hardening risks, and missing hostile/conformance proofs."
AHD-0385,Critical,Confirmed source pattern,Prior audit normalized,"Queue, scheduler, daemon & concurrency",v11A Execution Evidence / v11B Region Scheduling,crates/aidens-queue-kit/src/lib.rs,Lease expiry and late completion need adversarial fixtures. Scope variant 3: apply to crates/aidens-queue-kit/src/lib.rs and adjacent caller/callee surfaces.,Risk that queue/lease/scheduler behavior races or loses lineage.,local scan: append_record in aidens-queue-kit/src/lib.rs:564; OpenOptions at 570/624,"Make queue append/lease/complete atomic with leases, locks, hop receipts, idempotency proofs, and safe-mode quarantine.","Make queue append/lease/complete atomic with leases, locks, hop receipts, idempotency proofs, and safe-mode quarantine.",Phase 07 queue/daemon concurrency,open,"Not all rows are reproduced runtime bugs; matrix intentionally includes confirmed defects, hardening risks, and missing hostile/conformance proofs."
AHD-0389,Critical,High-confidence hardening risk,Prior audit normalized,"Queue, scheduler, daemon & concurrency",v11A Execution Evidence / v11B Region Scheduling,crates/aidens-daemon-kit/src/lib.rs,Queue snapshots read entire logs and have scaling/poison risks. Scope variant 3: apply to crates/aidens-daemon-kit/src/lib.rs and adjacent caller/callee surfaces.,Risk that queue/lease/scheduler behavior races or loses lineage.,local scan: append_record in aidens-queue-kit/src/lib.rs:564; OpenOptions at 570/624,"Make queue append/lease/complete atomic with leases, locks, hop receipts, idempotency proofs, and safe-mode quarantine.","Make queue append/lease/complete atomic with leases, locks, hop receipts, idempotency proofs, and safe-mode quarantine.",Phase 07 queue/daemon concurrency,open,"Not all rows are reproduced runtime bugs; matrix intentionally includes confirmed defects, hardening risks, and missing hostile/conformance proofs."
AHD-0393,Critical,Conformance/test gap,Prior audit normalized,"Queue, scheduler, daemon & concurrency",v11A Execution Evidence / v11B Region Scheduling,crates/aidens-contracts/src/daemon_queue.rs,Lease acquisition is snapshot-plus-append and can double-lease jobs. Scope variant 4: apply to crates/aidens-contracts/src/daemon_queue.rs and adjacent caller/callee surfaces.,Risk that queue/lease/scheduler behavior races or loses lineage.,local scan: append_record in aidens-queue-kit/src/lib.rs:564; OpenOptions at 570/624,"Make queue append/lease/complete atomic with leases, locks, hop receipts, idempotency proofs, and safe-mode quarantine.","Make queue append/lease/complete atomic with leases, locks, hop receipts, idempotency proofs, and safe-mode quarantine.",Phase 07 queue/daemon concurrency,open,"Not all rows are reproduced runtime bugs; matrix intentionally includes confirmed defects, hardening risks, and missing hostile/conformance proofs."
AHD-0397,Critical,Confirmed source pattern,Prior audit normalized,"Queue, scheduler, daemon & concurrency",v11A Execution Evidence / v11B Region Scheduling,crates/aidens-queue-kit/src/lib.rs,Queue owner identity is string-based rather than permit/attestation-bound. Scope variant 4: apply to crates/aidens-queue-kit/src/lib.rs and adjacent caller/callee surfaces.,Risk that queue/lease/scheduler behavior races or loses lineage.,local scan: append_record in aidens-queue-kit/src/lib.rs:564; OpenOptions at 570/624,"Make queue append/lease/complete atomic with leases, locks, hop receipts, idempotency proofs, and safe-mode quarantine.","Make queue append/lease/complete atomic with leases, locks, hop receipts, idempotency proofs, and safe-mode quarantine.",Phase 07 queue/daemon concurrency,open,"Not all rows are reproduced runtime bugs; matrix intentionally includes confirmed defects, hardening risks, and missing hostile/conformance proofs."
AHD-0401,Critical,High-confidence hardening risk,Current deep static audit,"Queue, scheduler, daemon & concurrency",v11A Execution Evidence / v11B Region Scheduling,crates/aidens-daemon-kit/src/lib.rs,Queue append computes sequence from snapshot state and can race under concurrent writers. Scope variant 5: apply to crates/aidens-daemon-kit/src/lib.rs and adjacent caller/callee surfaces.,Risk that queue/lease/scheduler behavior races or loses lineage.,local scan: append_record in aidens-queue-kit/src/lib.rs:564; OpenOptions at 570/624,"Make queue append/lease/complete atomic with leases, locks, hop receipts, idempotency proofs, and safe-mode quarantine.","Make queue append/lease/complete atomic with leases, locks, hop receipts, idempotency proofs, and safe-mode quarantine.",Phase 07 queue/daemon concurrency,open,"Not all rows are reproduced runtime bugs; matrix intentionally includes confirmed defects, hardening risks, and missing hostile/conformance proofs."
AHD-0405,Critical,Conformance/test gap,Current deep static audit,"Queue, scheduler, daemon & concurrency",v11A Execution Evidence / v11B Region Scheduling,crates/aidens-contracts/src/daemon_queue.rs,Lease expiry and late completion need adversarial fixtures. Scope variant 5: apply to crates/aidens-contracts/src/daemon_queue.rs and adjacent caller/callee surfaces.,Risk that queue/lease/scheduler behavior races or loses lineage.,local scan: append_record in aidens-queue-kit/src/lib.rs:564; OpenOptions at 570/624,"Make queue append/lease/complete atomic with leases, locks, hop receipts, idempotency proofs, and safe-mode quarantine.","Make queue append/lease/complete atomic with leases, locks, hop receipts, idempotency proofs, and safe-mode quarantine.",Phase 07 queue/daemon concurrency,open,"Not all rows are reproduced runtime bugs; matrix intentionally includes confirmed defects, hardening risks, and missing hostile/conformance proofs."
AHD-0409,Critical,Confirmed source pattern,Current deep static audit,"Queue, scheduler, daemon & concurrency",v11A Execution Evidence / v11B Region Scheduling,crates/aidens-queue-kit/src/lib.rs,Queue snapshots read entire logs and have scaling/poison risks. Scope variant 5: apply to crates/aidens-queue-kit/src/lib.rs and adjacent caller/callee surfaces.,Risk that queue/lease/scheduler behavior races or loses lineage.,local scan: append_record in aidens-queue-kit/src/lib.rs:564; OpenOptions at 570/624,"Make queue append/lease/complete atomic with leases, locks, hop receipts, idempotency proofs, and safe-mode quarantine.","Make queue append/lease/complete atomic with leases, locks, hop receipts, idempotency proofs, and safe-mode quarantine.",Phase 07 queue/daemon concurrency,open,"Not all rows are reproduced runtime bugs; matrix intentionally includes confirmed defects, hardening risks, and missing hostile/conformance proofs."
AHD-0413,Critical,High-confidence hardening risk,Current deep static audit,"Queue, scheduler, daemon & concurrency",v11A Execution Evidence / v11B Region Scheduling,crates/aidens-daemon-kit/src/lib.rs,Lease acquisition is snapshot-plus-append and can double-lease jobs. Scope variant 6: apply to crates/aidens-daemon-kit/src/lib.rs and adjacent caller/callee surfaces.,Risk that queue/lease/scheduler behavior races or loses lineage.,local scan: append_record in aidens-queue-kit/src/lib.rs:564; OpenOptions at 570/624,"Make queue append/lease/complete atomic with leases, locks, hop receipts, idempotency proofs, and safe-mode quarantine.","Make queue append/lease/complete atomic with leases, locks, hop receipts, idempotency proofs, and safe-mode quarantine.",Phase 07 queue/daemon concurrency,open,"Not all rows are reproduced runtime bugs; matrix intentionally includes confirmed defects, hardening risks, and missing hostile/conformance proofs."
AHD-0417,Critical,Conformance/test gap,Current deep static audit,"Queue, scheduler, daemon & concurrency",v11A Execution Evidence / v11B Region Scheduling,crates/aidens-contracts/src/daemon_queue.rs,Queue owner identity is string-based rather than permit/attestation-bound. Scope variant 6: apply to crates/aidens-contracts/src/daemon_queue.rs and adjacent caller/callee surfaces.,Risk that queue/lease/scheduler behavior races or loses lineage.,local scan: append_record in aidens-queue-kit/src/lib.rs:564; OpenOptions at 570/624,"Make queue append/lease/complete atomic with leases, locks, hop receipts, idempotency proofs, and safe-mode quarantine.","Make queue append/lease/complete atomic with leases, locks, hop receipts, idempotency proofs, and safe-mode quarantine.",Phase 07 queue/daemon concurrency,open,"Not all rows are reproduced runtime bugs; matrix intentionally includes confirmed defects, hardening risks, and missing hostile/conformance proofs."
AHD-0421,Critical,Confirmed source pattern,Current deep static audit,"Queue, scheduler, daemon & concurrency",v11A Execution Evidence / v11B Region Scheduling,crates/aidens-queue-kit/src/lib.rs,Queue append computes sequence from snapshot state and can race under concurrent writers. Scope variant 7: apply to crates/aidens-queue-kit/src/lib.rs and adjacent caller/callee surfaces.,Risk that queue/lease/scheduler behavior races or loses lineage.,local scan: append_record in aidens-queue-kit/src/lib.rs:564; OpenOptions at 570/624,"Make queue append/lease/complete atomic with leases, locks, hop receipts, idempotency proofs, and safe-mode quarantine.","Make queue append/lease/complete atomic with leases, locks, hop receipts, idempotency proofs, and safe-mode quarantine.",Phase 07 queue/daemon concurrency,open,"Not all rows are reproduced runtime bugs; matrix intentionally includes confirmed defects, hardening risks, and missing hostile/conformance proofs."
AHD-0425,Critical,High-confidence hardening risk,Current deep static audit,"Queue, scheduler, daemon & concurrency",v11A Execution Evidence / v11B Region Scheduling,crates/aidens-daemon-kit/src/lib.rs,Lease expiry and late completion need adversarial fixtures. Scope variant 7: apply to crates/aidens-daemon-kit/src/lib.rs and adjacent caller/callee surfaces.,Risk that queue/lease/scheduler behavior races or loses lineage.,local scan: append_record in aidens-queue-kit/src/lib.rs:564; OpenOptions at 570/624,"Make queue append/lease/complete atomic with leases, locks, hop receipts, idempotency proofs, and safe-mode quarantine.","Make queue append/lease/complete atomic with leases, locks, hop receipts, idempotency proofs, and safe-mode quarantine.",Phase 07 queue/daemon concurrency,open,"Not all rows are reproduced runtime bugs; matrix intentionally includes confirmed defects, hardening risks, and missing hostile/conformance proofs."
